 &plot nbnd=   8, nks=   121 /
            0.000000  0.000000  0.000000
  -20.612   -8.915   -5.506   -5.200    1.381    2.224    2.569    2.632
            0.012500  0.007217  0.000000
  -20.609   -8.911   -5.525   -5.205    1.384    2.228    2.585    2.638
            0.025000  0.014434  0.000000
  -20.600   -8.901   -5.581   -5.217    1.396    2.240    2.625    2.666
            0.037500  0.021651  0.000000
  -20.586   -8.884   -5.672   -5.238    1.415    2.260    2.657    2.745
            0.050000  0.028868  0.000000
  -20.565   -8.861   -5.796   -5.266    1.442    2.288    2.688    2.866
            0.062500  0.036084  0.000000
  -20.539   -8.831   -5.951   -5.302    1.477    2.324    2.726    3.016
            0.075000  0.043301  0.000000
  -20.507   -8.794   -6.131   -5.345    1.520    2.368    2.771    3.191
            0.087500  0.050518  0.000000
  -20.469   -8.751   -6.335   -5.394    1.571    2.420    2.825    3.386
            0.100000  0.057735  0.000000
  -20.426   -8.701   -6.559   -5.448    1.630    2.479    2.886    3.598
            0.112500  0.064952  0.000000
  -20.376   -8.644   -6.798   -5.508    1.698    2.547    2.955    3.822
            0.125000  0.072169  0.000000
  -20.321   -8.581   -7.052   -5.573    1.773    2.622    3.033    4.055
            0.137500  0.079386  0.000000
  -20.261   -8.512   -7.317   -5.641    1.857    2.705    3.119    4.291
            0.150000  0.086603  0.000000
  -20.194   -8.436   -7.590   -5.713    1.949    2.796    3.213    4.528
            0.162500  0.093819  0.000000
  -20.122   -8.355   -7.871   -5.787    2.049    2.894    3.315    4.761
            0.175000  0.101036  0.000000
  -20.045   -8.267   -8.158   -5.864    2.157    2.998    3.425    4.985
            0.187500  0.108253  0.000000
  -19.961   -8.448   -8.173   -5.941    2.273    3.108    3.544    4.920
            0.200000  0.115470  0.000000
  -19.873   -8.742   -8.073   -6.020    2.397    3.222    3.670    4.711
            0.212500  0.122687  0.000000
  -19.779   -9.037   -7.967   -6.098    2.529    3.337    3.805    4.485
            0.225000  0.129904  0.000000
  -19.680   -9.332   -7.856   -6.177    2.669    3.440    3.947    4.265
            0.237500  0.137121  0.000000
  -19.576   -9.628   -7.740   -6.255    2.817    3.495    4.093    4.098
            0.250000  0.144338  0.000000
  -19.466   -9.923   -7.618   -6.331    2.973    3.427    4.048    4.257
            0.262500  0.151554  0.000000
  -19.352  -10.216   -7.492   -6.406    3.137    3.236    4.130    4.424
            0.275000  0.158771  0.000000
  -19.233  -10.507   -7.361   -6.479    2.995    3.309    4.268    4.599
            0.287500  0.165988  0.000000
  -19.110  -10.795   -7.226   -6.550    2.736    3.488    4.432    4.782
            0.300000  0.173205  0.000000
  -18.982  -11.079   -7.087   -6.618    2.471    3.676    4.610    4.973
            0.312500  0.180422  0.000000
  -18.850  -11.360   -6.945   -6.684    2.204    3.871    4.801    5.171
            0.325000  0.187639  0.000000
  -18.714  -11.635   -6.800   -6.746    1.938    4.074    5.001    5.377
            0.337500  0.194856  0.000000
  -18.576  -11.905   -6.805   -6.654    1.676    4.284    5.211    5.589
            0.350000  0.202073  0.000000
  -18.434  -12.169   -6.860   -6.506    1.418    4.501    5.429    5.805
            0.362500  0.209290  0.000000
  -18.291  -12.426   -6.911   -6.359    1.168    4.726    5.656    6.010
            0.375000  0.216506  0.000000
  -18.146  -12.675   -6.959   -6.213    0.926    4.957    5.891    6.130
            0.387500  0.223723  0.000000
  -18.001  -12.914   -7.002   -6.069    0.694    5.195    6.134    6.156
            0.400000  0.230940  0.000000
  -17.858  -13.142   -7.042   -5.930    0.475    5.437    6.163    6.385
            0.412500  0.238157  0.000000
  -17.718  -13.357   -7.076   -5.797    0.272    5.679    6.171    6.643
            0.425000  0.245374  0.000000
  -17.583  -13.557   -7.107   -5.673    0.086    5.902    6.204    6.910
            0.437500  0.252591  0.000000
  -17.457  -13.739   -7.133   -5.561   -0.079    6.038    6.330    7.183
            0.450000  0.259808  0.000000
  -17.343  -13.898   -7.154   -5.463   -0.221    6.076    6.560    7.465
            0.462500  0.267025  0.000000
  -17.247  -14.030   -7.171   -5.382   -0.335    6.085    6.824    7.753
            0.475000  0.274241  0.000000
  -17.172  -14.129   -7.182   -5.322   -0.419    6.088    7.097    8.049
            0.487500  0.281458  0.000000
  -17.125  -14.191   -7.190   -5.285   -0.471    6.088    7.362    8.054
            0.500000  0.288675  0.000000
  -17.109  -14.213   -7.192   -5.273   -0.489    6.088    7.526    7.890
            0.495833  0.297045  0.000000
  -17.108  -14.211   -7.198   -5.271   -0.488    6.096    7.527    7.892
            0.491665  0.305415  0.000000
  -17.105  -14.208   -7.216   -5.267   -0.488    6.119    7.529    7.899
            0.487497  0.313785  0.000000
  -17.099  -14.202   -7.245   -5.260   -0.488    6.156    7.533    7.909
            0.483330  0.322155  0.000000
  -17.092  -14.194   -7.287   -5.250   -0.487    6.208    7.538    7.924
            0.479162  0.330525  0.000000
  -17.082  -14.184   -7.339   -5.237   -0.487    6.274    7.546    7.943
            0.474995  0.338895  0.000000
  -17.070  -14.172   -7.402   -5.221   -0.486    6.354    7.555    7.966
            0.470828  0.347265  0.000000
  -17.056  -14.157   -7.476   -5.202   -0.485    6.447    7.566    7.993
            0.466660  0.355635  0.000000
  -17.040  -14.140   -7.559   -5.180   -0.485    6.551    7.579    8.024
            0.462492  0.364005  0.000000
  -17.021  -14.121   -7.652   -5.155   -0.484    6.668    7.595    8.058
            0.458325  0.372375  0.000000
  -17.001  -14.100   -7.754   -5.128   -0.484    6.793    7.614    8.096
            0.454157  0.380745  0.000000
  -16.978  -14.076   -7.864   -5.098   -0.485    6.928    7.638    8.138
            0.449990  0.389115  0.000000
  -16.953  -14.050   -7.981   -5.064   -0.486    7.067    7.666    8.183
            0.445823  0.397485  0.000000
  -16.926  -14.023   -8.106   -5.028   -0.487    7.208    7.705    8.231
            0.441655  0.405856  0.000000
  -16.897  -13.993   -8.237   -4.989   -0.490    7.341    7.759    8.282
            0.437487  0.414226  0.000000
  -16.866  -13.961   -8.374   -4.948   -0.493    7.455    7.841    8.337
            0.433320  0.422596  0.000000
  -16.832  -13.927   -8.516   -4.903   -0.498    7.540    7.958    8.396
            0.429152  0.430966  0.000000
  -16.797  -13.891   -8.662   -4.856   -0.504    7.597    8.106    8.459
            0.424985  0.439336  0.000000
  -16.759  -13.853   -8.813   -4.805   -0.512    7.639    8.271    8.527
            0.420818  0.447706  0.000000
  -16.719  -13.814   -8.968   -4.752   -0.521    7.670    8.437    8.606
            0.416650  0.456076  0.000000
  -16.677  -13.772   -9.125   -4.696   -0.533    7.695    8.579    8.682
            0.412482  0.464446  0.000000
  -16.633  -13.729   -9.285   -4.638   -0.546    7.714    8.668    8.679
            0.408315  0.472816  0.000000
  -16.586  -13.685   -9.447   -4.576   -0.563    7.730    8.650    8.760
            0.404147  0.481186  0.000000
  -16.538  -13.639   -9.611   -4.512   -0.582    7.740    8.626    8.837
            0.399980  0.489556  0.000000
  -16.487  -13.592   -9.776   -4.445   -0.603    7.744    8.597    8.913
            0.395813  0.497926  0.000000
  -16.435  -13.544   -9.941   -4.376   -0.629    7.743    8.563    8.989
            0.391645  0.506296  0.000000
  -16.380  -13.495  -10.106   -4.304   -0.657    7.736    8.526    9.064
            0.387477  0.514666  0.000000
  -16.323  -13.446  -10.271   -4.229   -0.690    7.722    8.485    9.140
            0.383310  0.523036  0.000000
  -16.265  -13.396  -10.434   -4.151   -0.726    7.700    8.442    9.215
            0.379142  0.531406  0.000000
  -16.204  -13.348  -10.596   -4.071   -0.766    7.671    8.399    9.289
            0.374975  0.539776  0.000000
  -16.141  -13.301  -10.754   -3.988   -0.810    7.635    8.355    9.362
            0.370808  0.548146  0.000000
  -16.076  -13.256  -10.907   -3.903   -0.859    7.592    8.313    9.435
            0.366640  0.556516  0.000000
  -16.010  -13.215  -11.055   -3.816   -0.912    7.542    8.273    9.507
            0.362472  0.564886  0.000000
  -15.941  -13.179  -11.196   -3.726   -0.970    7.486    8.236    9.579
            0.358305  0.573256  0.000000
  -15.870  -13.151  -11.326   -3.634   -1.032    7.424    8.202    9.650
            0.354137  0.581626  0.000000
  -15.798  -13.133  -11.443   -3.539   -1.099    7.358    8.173    9.721
            0.349970  0.589996  0.000000
  -15.724  -13.130  -11.543   -3.443   -1.170    7.287    8.150    9.790
            0.345803  0.598366  0.000000
  -15.649  -13.143  -11.623   -3.345   -1.245    7.212    8.131    9.855
            0.341635  0.606736  0.000000
  -15.572  -13.175  -11.681   -3.246   -1.323    7.135    8.119    9.916
            0.337467  0.615106  0.000000
  -15.494  -13.229  -11.714   -3.145   -1.405    7.054    8.112    9.969
            0.333300  0.623476  0.000000
  -15.415  -13.301  -11.723   -3.044   -1.490    6.972    8.111   10.011
            0.324968  0.607889  0.000000
  -15.454  -13.267  -11.711   -3.095   -1.447    6.890    8.125    9.959
            0.316635  0.592302  0.000000
  -15.525  -13.233  -11.649   -3.191   -1.360    6.795    8.151    9.711
            0.308302  0.576715  0.000000
  -15.627  -13.189  -11.546   -3.327   -1.234    6.690    8.183    9.378
            0.299970  0.561128  0.000000
  -15.760  -13.127  -11.412   -3.493   -1.079    6.578    8.211    9.012
            0.291637  0.545542  0.000000
  -15.918  -13.043  -11.256   -3.681   -0.900    6.461    8.219    8.634
            0.283305  0.529955  0.000000
  -16.096  -12.937  -11.082   -3.885   -0.701    6.341    8.186    8.253
            0.274973  0.514368  0.000000
  -16.289  -12.812  -10.894   -4.100   -0.488    6.219    7.876    8.090
            0.266640  0.498781  0.000000
  -16.493  -12.668  -10.695   -4.322   -0.262    6.097    7.504    7.922
            0.258308  0.483194  0.000000
  -16.702  -12.508  -10.488   -4.550   -0.024    5.975    7.140    7.693
            0.249975  0.467607  0.000000
  -16.915  -12.334  -10.273   -4.780    0.223    5.853    6.787    7.426
            0.241643  0.452020  0.000000
  -17.129  -12.147  -10.053   -5.011    0.478    5.732    6.445    7.138
            0.233310  0.436433  0.000000
  -17.342  -11.949   -9.828   -5.242    0.742    5.609    6.117    6.841
            0.224977  0.420846  0.000000
  -17.552  -11.739   -9.599   -5.470    1.012    5.477    5.811    6.543
            0.216645  0.405259  0.000000
  -17.759  -11.520   -9.367   -5.696    1.288    5.312    5.553    6.249
            0.208313  0.389673  0.000000
  -17.961  -11.292   -9.133   -5.918    1.570    5.080    5.377    5.960
            0.199980  0.374086  0.000000
  -18.158  -11.054   -8.898   -6.135    1.856    4.812    5.251    5.680
            0.191647  0.358499  0.000000
  -18.350  -10.810   -8.662   -6.347    2.145    4.541    5.143    5.409
            0.183315  0.342912  0.000000
  -18.535  -10.557   -8.428   -6.553    2.436    4.277    5.043    5.148
            0.174983  0.327325  0.000000
  -18.714  -10.298   -8.194   -6.752    2.728    4.022    4.899    4.947
            0.166650  0.311738  0.000000
  -18.885  -10.032   -7.963   -6.944    3.019    3.778    4.663    4.850
            0.158317  0.296151  0.000000
  -19.050   -9.761   -7.735   -7.129    3.304    3.545    4.444    4.741
            0.149985  0.280564  0.000000
  -19.207   -9.485   -7.511   -7.306    3.323    3.568    4.254    4.580
            0.141652  0.264977  0.000000
  -19.356   -9.205   -7.474   -7.292    3.113    3.744    4.163    4.383
            0.133320  0.249390  0.000000
  -19.497   -8.921   -7.635   -7.080    2.915    3.694    4.187    4.304
            0.124988  0.233804  0.000000
  -19.630   -8.635   -7.786   -6.874    2.729    3.545    4.000    4.456
            0.116655  0.218217  0.000000
  -19.756   -8.347   -7.929   -6.676    2.554    3.385    3.824    4.362
            0.108323  0.202630  0.000000
  -19.873   -8.063   -8.060   -6.488    2.392    3.230    3.659    4.261
            0.099990  0.187043  0.000000
  -19.981   -8.187   -7.774   -6.309    2.242    3.084    3.507    4.149
            0.091657  0.171456  0.000000
  -20.081   -8.302   -7.491   -6.141    2.103    2.948    3.366    4.023
            0.083325  0.155869  0.000000
  -20.173   -8.408   -7.214   -5.985    1.977    2.823    3.238    3.883
            0.074992  0.140282  0.000000
  -20.256   -8.503   -6.945   -5.841    1.863    2.710    3.121    3.728
            0.066660  0.124695  0.000000
  -20.331   -8.589   -6.687   -5.711    1.761    2.608    3.017    3.560
            0.058327  0.109108  0.000000
  -20.396   -8.665   -6.443   -5.594    1.671    2.518    2.925    3.385
            0.049995  0.093521  0.000000
  -20.454   -8.731   -6.218   -5.491    1.593    2.440    2.845    3.209
            0.041662  0.077935  0.000000
  -20.502   -8.787   -6.015   -5.404    1.528    2.374    2.778    3.040
            0.033330  0.062348  0.000000
  -20.542   -8.833   -5.841   -5.331    1.474    2.320    2.722    2.888
            0.024998  0.046761  0.000000
  -20.572   -8.869   -5.698   -5.274    1.433    2.278    2.676    2.761
            0.016665  0.031174  0.000000
  -20.594   -8.894   -5.593   -5.233    1.404    2.248    2.635    2.673
            0.008332  0.015587  0.000000
  -20.608   -8.910   -5.528   -5.209    1.386    2.230    2.588    2.640
            0.000000  0.000000  0.000000
  -20.612   -8.915   -5.506   -5.200    1.381    2.224    2.569    2.632
