 &plot nbnd=   8, nks=   121 /
            0.000000  0.000000  0.000000
  -20.323   -8.729   -6.099   -5.106   -0.765    1.322    2.106    2.538
            0.012500  0.007217  0.000000
  -20.320   -8.726   -6.102   -5.134   -0.736    1.326    2.110    2.542
            0.025000  0.014434  0.000000
  -20.313   -8.718   -6.109   -5.214   -0.653    1.337    2.120    2.553
            0.037500  0.021651  0.000000
  -20.301   -8.705   -6.122   -5.341   -0.520    1.357    2.137    2.571
            0.050000  0.028868  0.000000
  -20.285   -8.686   -6.141   -5.506   -0.346    1.384    2.160    2.596
            0.062500  0.036084  0.000000
  -20.263   -8.662   -6.169   -5.697   -0.140    1.419    2.191    2.629
            0.075000  0.043301  0.000000
  -20.237   -8.633   -6.217   -5.898    0.091    1.464    2.228    2.669
            0.087500  0.050518  0.000000
  -20.207   -8.599   -6.320   -6.064    0.340    1.518    2.271    2.717
            0.100000  0.057735  0.000000
  -20.171   -8.560   -6.517   -6.154    0.599    1.583    2.321    2.772
            0.112500  0.064952  0.000000
  -20.131   -8.515   -6.765   -6.206    0.862    1.662    2.377    2.834
            0.125000  0.072169  0.000000
  -20.087   -8.466   -7.032   -6.248    1.119    1.761    2.440    2.905
            0.137500  0.079386  0.000000
  -20.038   -8.411   -7.308   -6.289    1.357    1.891    2.507    2.983
            0.150000  0.086603  0.000000
  -19.985   -8.352   -7.589   -6.330    1.560    2.065    2.580    3.070
            0.162500  0.093819  0.000000
  -19.927   -8.288   -7.872   -6.371    1.724    2.285    2.657    3.166
            0.175000  0.101036  0.000000
  -19.865   -8.220   -8.157   -6.413    1.862    2.534    2.736    3.273
            0.187500  0.108253  0.000000
  -19.799   -8.441   -8.147   -6.456    1.988    2.793    2.814    3.392
            0.200000  0.115470  0.000000
  -19.729   -8.723   -8.070   -6.500    2.112    2.885    3.050    3.529
            0.212500  0.122687  0.000000
  -19.655   -9.004   -7.989   -6.544    2.238    2.935    3.288    3.692
            0.225000  0.129904  0.000000
  -19.577   -9.282   -7.904   -6.588    2.367    2.941    3.499    3.722
            0.237500  0.137121  0.000000
  -19.496   -9.556   -7.815   -6.632    2.502    2.877    3.684    3.699
            0.250000  0.144338  0.000000
  -19.411   -9.826   -7.723   -6.676    2.641    2.748    3.745    3.852
            0.262500  0.151554  0.000000
  -19.324  -10.092   -7.629   -6.719    2.578    2.787    3.836    4.015
            0.275000  0.158771  0.000000
  -19.233  -10.352   -7.531   -6.761    2.388    2.939    3.956    4.179
            0.287500  0.165988  0.000000
  -19.140  -10.607   -7.431   -6.802    2.187    3.096    4.094    4.345
            0.300000  0.173205  0.000000
  -19.045  -10.856   -7.330   -6.842    1.982    3.261    4.245    4.515
            0.312500  0.180422  0.000000
  -18.948  -11.097   -7.227   -6.880    1.776    3.431    4.406    4.691
            0.325000  0.187639  0.000000
  -18.850  -11.332   -7.124   -6.917    1.572    3.607    4.577    4.871
            0.337500  0.194856  0.000000
  -18.751  -11.558   -7.021   -6.952    1.372    3.790    4.757    5.057
            0.350000  0.202073  0.000000
  -18.652  -11.774   -6.985   -6.918    1.177    3.979    4.944    5.247
            0.362500  0.209290  0.000000
  -18.554  -11.981   -7.016   -6.817    0.990    4.174    5.140    5.441
            0.375000  0.216506  0.000000
  -18.458  -12.178   -7.044   -6.719    0.811    4.374    5.342    5.633
            0.387500  0.223723  0.000000
  -18.364  -12.362   -7.071   -6.624    0.642    4.579    5.552    5.813
            0.400000  0.230940  0.000000
  -18.274  -12.533   -7.094   -6.535    0.485    4.789    5.769    5.951
            0.412500  0.238157  0.000000
  -18.190  -12.689   -7.116   -6.451    0.342    5.003    5.993    6.028
            0.425000  0.245374  0.000000
  -18.112  -12.829   -7.134   -6.375    0.213    5.219    6.069    6.224
            0.437500  0.252591  0.000000
  -18.042  -12.951   -7.150   -6.307    0.101    5.434    6.096    6.462
            0.450000  0.259808  0.000000
  -17.983  -13.054   -7.163   -6.250    0.007    5.644    6.120    6.706
            0.462500  0.267025  0.000000
  -17.934  -13.136   -7.173   -6.204   -0.068    5.833    6.154    6.956
            0.475000  0.274241  0.000000
  -17.898  -13.196   -7.180   -6.170   -0.123    5.967    6.225    7.207
            0.487500  0.281458  0.000000
  -17.876  -13.233   -7.185   -6.149   -0.156    6.023    6.329    7.134
            0.500000  0.288675  0.000000
  -17.869  -13.245   -7.186   -6.142   -0.167    6.037    6.383    7.090
            0.495833  0.297815  0.000000
  -17.868  -13.244   -7.192   -6.141   -0.167    6.042    6.384    7.092
            0.491665  0.306955  0.000000
  -17.865  -13.240   -7.209   -6.137   -0.166    6.057    6.390    7.099
            0.487497  0.316094  0.000000
  -17.859  -13.234   -7.238   -6.129   -0.165    6.081    6.400    7.109
            0.483330  0.325234  0.000000
  -17.852  -13.225   -7.279   -6.119   -0.163    6.111    6.417    7.124
            0.479162  0.334374  0.000000
  -17.842  -13.214   -7.330   -6.107   -0.161    6.142    6.446    7.143
            0.474995  0.343514  0.000000
  -17.830  -13.201   -7.392   -6.091   -0.159    6.170    6.490    7.166
            0.470828  0.352653  0.000000
  -17.816  -13.185   -7.464   -6.072   -0.156    6.191    6.552    7.192
            0.466660  0.361793  0.000000
  -17.800  -13.167   -7.546   -6.051   -0.153    6.203    6.633    7.222
            0.462492  0.370933  0.000000
  -17.782  -13.146   -7.637   -6.026   -0.150    6.207    6.730    7.255
            0.458325  0.380073  0.000000
  -17.761  -13.123   -7.737   -5.999   -0.147    6.205    6.840    7.290
            0.454157  0.389212  0.000000
  -17.739  -13.097   -7.845   -5.969   -0.144    6.198    6.962    7.327
            0.449990  0.398352  0.000000
  -17.714  -13.070   -7.961   -5.937   -0.141    6.185    7.091    7.366
            0.445823  0.407492  0.000000
  -17.687  -13.040   -8.084   -5.901   -0.139    6.168    7.225    7.405
            0.441655  0.416632  0.000000
  -17.658  -13.007   -8.213   -5.863   -0.138    6.144    7.360    7.444
            0.437487  0.425771  0.000000
  -17.627  -12.972   -8.348   -5.821   -0.137    6.116    7.480    7.493
            0.433320  0.434911  0.000000
  -17.594  -12.935   -8.488   -5.777   -0.137    6.081    7.516    7.614
            0.429152  0.444051  0.000000
  -17.558  -12.896   -8.634   -5.730   -0.139    6.040    7.550    7.723
            0.424985  0.453191  0.000000
  -17.521  -12.854   -8.783   -5.681   -0.142    5.993    7.582    7.778
            0.420818  0.462330  0.000000
  -17.481  -12.811   -8.937   -5.629   -0.146    5.939    7.613    7.787
            0.416650  0.471470  0.000000
  -17.439  -12.765   -9.094   -5.573   -0.153    5.880    7.644    7.795
            0.412482  0.480610  0.000000
  -17.395  -12.717   -9.254   -5.516   -0.162    5.814    7.678    7.800
            0.408315  0.489750  0.000000
  -17.349  -12.668   -9.416   -5.455   -0.173    5.743    7.714    7.802
            0.404147  0.498889  0.000000
  -17.301  -12.616   -9.580   -5.392   -0.188    5.666    7.753    7.800
            0.399980  0.508029  0.000000
  -17.251  -12.563   -9.746   -5.326   -0.205    5.585    7.793    7.796
            0.395813  0.517169  0.000000
  -17.199  -12.509   -9.912   -5.257   -0.226    5.500    7.783    7.844
            0.391645  0.526309  0.000000
  -17.145  -12.453  -10.080   -5.186   -0.250    5.410    7.769    7.895
            0.387477  0.535448  0.000000
  -17.088  -12.396  -10.247   -5.112   -0.278    5.318    7.752    7.951
            0.383310  0.544588  0.000000
  -17.030  -12.339  -10.413   -5.035   -0.311    5.223    7.732    8.011
            0.379142  0.553728  0.000000
  -16.969  -12.282  -10.577   -4.956   -0.348    5.125    7.711    8.076
            0.374975  0.562868  0.000000
  -16.907  -12.227  -10.738   -4.875   -0.390    5.025    7.689    8.144
            0.370808  0.572007  0.000000
  -16.842  -12.176  -10.893   -4.791   -0.436    4.923    7.667    8.217
            0.366640  0.581147  0.000000
  -16.776  -12.132  -11.039   -4.704   -0.488    4.820    7.647    8.294
            0.362472  0.590287  0.000000
  -16.707  -12.102  -11.170   -4.616   -0.544    4.716    7.630    8.374
            0.358305  0.599427  0.000000
  -16.637  -12.094  -11.275   -4.524   -0.606    4.611    7.615    8.458
            0.354137  0.608566  0.000000
  -16.565  -12.120  -11.344   -4.431   -0.673    4.505    7.605    8.545
            0.349970  0.617706  0.000000
  -16.490  -12.186  -11.370   -4.335   -0.745    4.399    7.599    8.635
            0.345803  0.626846  0.000000
  -16.415  -12.288  -11.358   -4.238   -0.822    4.292    7.599    8.728
            0.341635  0.635986  0.000000
  -16.337  -12.413  -11.318   -4.138   -0.904    4.186    7.604    8.823
            0.337467  0.645125  0.000000
  -16.258  -12.553  -11.261   -4.037   -0.990    4.079    7.616    8.920
            0.333300  0.654265  0.000000
  -16.178  -12.701  -11.193   -3.934   -1.081    3.973    7.633    9.017
            0.324968  0.637908  0.000000
  -16.230  -12.553  -11.290   -3.998   -1.019    3.943    7.642    9.184
            0.316635  0.621552  0.000000
  -16.294  -12.416  -11.347   -4.081   -0.943    3.904    7.661    9.213
            0.308302  0.605195  0.000000
  -16.372  -12.296  -11.356   -4.181   -0.851    3.857    7.685    8.871
            0.299970  0.588839  0.000000
  -16.463  -12.197  -11.313   -4.297   -0.745    3.804    7.706    8.509
            0.291637  0.572482  0.000000
  -16.568  -12.117  -11.222   -4.428   -0.624    3.746    7.710    8.143
            0.283305  0.556125  0.000000
  -16.685  -12.045  -11.091   -4.572   -0.489    3.685    7.677    7.779
            0.274973  0.539769  0.000000
  -16.814  -11.974  -10.932   -4.727   -0.342    3.622    7.419    7.589
            0.266640  0.523412  0.000000
  -16.952  -11.894  -10.755   -4.891   -0.182    3.558    7.066    7.437
            0.258308  0.507055  0.000000
  -17.098  -11.801  -10.566   -5.063   -0.012    3.493    6.721    7.229
            0.249975  0.490699  0.000000
  -17.250  -11.695  -10.368   -5.239    0.169    3.428    6.385    6.986
            0.241643  0.474342  0.000000
  -17.407  -11.573  -10.164   -5.419    0.359    3.363    6.059    6.722
            0.233310  0.457986  0.000000
  -17.567  -11.437   -9.957   -5.602    0.558    3.298    5.743    6.449
            0.224977  0.441629  0.000000
  -17.729  -11.286   -9.747   -5.786    0.764    3.233    5.437    6.174
            0.216645  0.425272  0.000000
  -17.891  -11.122   -9.536   -5.969    0.977    3.168    5.142    5.902
            0.208313  0.408916  0.000000
  -18.052  -10.944   -9.325   -6.151    1.196    3.102    4.858    5.636
            0.199980  0.392559  0.000000
  -18.212  -10.755   -9.114   -6.331    1.420    3.034    4.586    5.377
            0.191647  0.376202  0.000000
  -18.368  -10.553   -8.905   -6.508    1.648    2.964    4.325    5.126
            0.183315  0.359846  0.000000
  -18.522  -10.341   -8.699   -6.681    1.879    2.890    4.076    4.886
            0.174983  0.343489  0.000000
  -18.671  -10.119   -8.495   -6.849    2.111    2.810    3.839    4.656
            0.166650  0.327133  0.000000
  -18.816   -9.886   -8.296   -7.013    2.342    2.723    3.615    4.440
            0.158317  0.310776  0.000000
  -18.955   -9.645   -8.101   -7.171    2.570    2.627    3.404    4.238
            0.149985  0.294419  0.000000
  -19.090   -9.395   -7.912   -7.323    2.518    2.788    3.206    4.058
            0.141652  0.278063  0.000000
  -19.218   -9.137   -7.729   -7.468    2.397    2.982    3.019    3.909
            0.133320  0.261706  0.000000
  -19.340   -8.873   -7.607   -7.553    2.262    2.842    3.122    3.824
            0.124988  0.245349  0.000000
  -19.456   -8.601   -7.739   -7.385    2.112    2.674    3.157    3.838
            0.116655  0.228993  0.000000
  -19.565   -8.324   -7.863   -7.224    1.949    2.512    3.094    3.672
            0.108323  0.212636  0.000000
  -19.668   -8.043   -7.980   -7.073    1.772    2.355    2.989    3.517
            0.099990  0.196280  0.000000
  -19.763   -8.088   -7.758   -6.930    1.580    2.205    2.873    3.373
            0.091657  0.179923  0.000000
  -19.851   -8.189   -7.471   -6.796    1.372    2.064    2.758    3.241
            0.083325  0.163566  0.000000
  -19.932   -8.282   -7.185   -6.672    1.148    1.934    2.649    3.119
            0.074992  0.147210  0.000000
  -20.006   -8.366   -6.904   -6.554    0.910    1.816    2.548    3.009
            0.066660  0.130853  0.000000
  -20.072   -8.441   -6.639   -6.435    0.663    1.710    2.457    2.910
            0.058327  0.114496  0.000000
  -20.131   -8.508   -6.440   -6.267    0.410    1.618    2.375    2.823
            0.049995  0.098140  0.000000
  -20.181   -8.567   -6.331   -6.032    0.161    1.539    2.304    2.748
            0.041662  0.081783  0.000000
  -20.224   -8.616   -6.257   -5.792   -0.079    1.472    2.244    2.684
            0.033330  0.065427  0.000000
  -20.260   -8.656   -6.199   -5.570   -0.299    1.418    2.195    2.631
            0.024998  0.049070  0.000000
  -20.287   -8.688   -6.155   -5.380   -0.489    1.376    2.156    2.591
            0.016665  0.032713  0.000000
  -20.307   -8.711   -6.124   -5.233   -0.638    1.346    2.128    2.562
            0.008332  0.016357  0.000000
  -20.319   -8.724   -6.106   -5.138   -0.732    1.328    2.112    2.544
            0.000000  0.000000  0.000000
  -20.323   -8.729   -6.099   -5.106   -0.765    1.322    2.106    2.538
