 &plot nbnd=   8, nks=   121 /
            0.000000  0.000000  0.000000
  -20.710   -8.979   -5.483   -5.062    1.399    2.252    2.656    3.396
            0.012500  0.007217  0.000000
  -20.707   -8.975   -5.501   -5.067    1.403    2.256    2.660    3.412
            0.025000  0.014434  0.000000
  -20.698   -8.965   -5.553   -5.082    1.415    2.268    2.673    3.462
            0.037500  0.021651  0.000000
  -20.682   -8.947   -5.640   -5.106    1.436    2.289    2.694    3.544
            0.050000  0.028868  0.000000
  -20.661   -8.923   -5.759   -5.140    1.464    2.318    2.723    3.654
            0.062500  0.036084  0.000000
  -20.634   -8.891   -5.906   -5.181    1.501    2.356    2.760    3.791
            0.075000  0.043301  0.000000
  -20.600   -8.852   -6.081   -5.231    1.546    2.402    2.806    3.948
            0.087500  0.050518  0.000000
  -20.561   -8.807   -6.278   -5.287    1.600    2.456    2.861    4.124
            0.100000  0.057735  0.000000
  -20.515   -8.754   -6.496   -5.350    1.661    2.518    2.924    4.313
            0.112500  0.064952  0.000000
  -20.464   -8.695   -6.731   -5.419    1.732    2.588    2.996    4.511
            0.125000  0.072169  0.000000
  -20.406   -8.628   -6.981   -5.492    1.810    2.667    3.076    4.713
            0.137500  0.079386  0.000000
  -20.343   -8.555   -7.243   -5.570    1.897    2.754    3.165    4.915
            0.150000  0.086603  0.000000
  -20.273   -8.476   -7.516   -5.651    1.993    2.848    3.262    5.112
            0.162500  0.093819  0.000000
  -20.198   -8.390   -7.796   -5.735    2.096    2.951    3.368    5.213
            0.175000  0.101036  0.000000
  -20.117   -8.297   -8.083   -5.821    2.208    3.061    3.482    5.260
            0.187500  0.108253  0.000000
  -20.030   -8.375   -8.198   -5.908    2.329    3.177    3.605    5.188
            0.200000  0.115470  0.000000
  -19.937   -8.671   -8.092   -5.996    2.458    3.300    3.736    4.993
            0.212500  0.122687  0.000000
  -19.839   -8.969   -7.981   -6.084    2.595    3.426    3.875    4.757
            0.225000  0.129904  0.000000
  -19.735   -9.269   -7.863   -6.172    2.740    3.548    4.023    4.514
            0.237500  0.137121  0.000000
  -19.625   -9.569   -7.740   -6.258    2.894    3.646    4.180    4.294
            0.250000  0.144338  0.000000
  -19.510   -9.869   -7.611   -6.344    3.055    3.644    4.177    4.344
            0.262500  0.151554  0.000000
  -19.390  -10.169   -7.477   -6.427    3.225    3.479    4.227    4.518
            0.275000  0.158771  0.000000
  -19.265  -10.466   -7.338   -6.508    3.233    3.403    4.363    4.699
            0.287500  0.165988  0.000000
  -19.134  -10.762   -7.195   -6.586    2.963    3.590    4.532    4.889
            0.300000  0.173205  0.000000
  -18.999  -11.055   -7.047   -6.662    2.684    3.784    4.717    5.087
            0.312500  0.180422  0.000000
  -18.860  -11.344   -6.896   -6.734    2.403    3.986    4.915    5.292
            0.325000  0.187639  0.000000
  -18.716  -11.629   -6.802   -6.741    2.123    4.197    5.123    5.505
            0.337500  0.194856  0.000000
  -18.568  -11.909   -6.867   -6.584    1.845    4.415    5.341    5.724
            0.350000  0.202073  0.000000
  -18.416  -12.184   -6.928   -6.426    1.573    4.640    5.568    5.943
            0.362500  0.209290  0.000000
  -18.262  -12.452   -6.985   -6.267    1.307    4.873    5.803    6.114
            0.375000  0.216506  0.000000
  -18.106  -12.713   -7.037   -6.108    1.049    5.113    6.047    6.157
            0.387500  0.223723  0.000000
  -17.949  -12.966   -7.085   -5.952    0.802    5.358    6.160    6.299
            0.400000  0.230940  0.000000
  -17.792  -13.209   -7.128   -5.800    0.568    5.606    6.161    6.559
            0.412500  0.238157  0.000000
  -17.636  -13.440   -7.166   -5.655    0.349    5.844    6.178    6.827
            0.425000  0.245374  0.000000
  -17.486  -13.656   -7.199   -5.518    0.148    6.012    6.273    7.103
            0.437500  0.252591  0.000000
  -17.343  -13.855   -7.228   -5.393   -0.032    6.060    6.495    7.387
            0.450000  0.259808  0.000000
  -17.212  -14.032   -7.251   -5.284   -0.186    6.069    6.764    7.679
            0.462500  0.267025  0.000000
  -17.098  -14.181   -7.269   -5.193   -0.312    6.069    7.048    7.978
            0.475000  0.274241  0.000000
  -17.010  -14.296   -7.282   -5.125   -0.405    6.067    7.338    8.284
            0.487500  0.281458  0.000000
  -16.952  -14.368   -7.290   -5.083   -0.462    6.066    7.623    8.317
            0.500000  0.288675  0.000000
  -16.933  -14.393   -7.292   -5.069   -0.482    6.066    7.812    8.126
            0.495833  0.296853  0.000000
  -16.932  -14.392   -7.298   -5.067   -0.482    6.073    7.813    8.128
            0.491665  0.305030  0.000000
  -16.928  -14.389   -7.316   -5.063   -0.482    6.096    7.816    8.134
            0.487497  0.313208  0.000000
  -16.923  -14.383   -7.346   -5.056   -0.481    6.134    7.820    8.144
            0.483330  0.321386  0.000000
  -16.915  -14.376   -7.387   -5.046   -0.481    6.187    7.826    8.159
            0.479162  0.329563  0.000000
  -16.906  -14.365   -7.439   -5.032   -0.481    6.254    7.834    8.177
            0.474995  0.337741  0.000000
  -16.894  -14.353   -7.502   -5.016   -0.481    6.335    7.844    8.199
            0.470828  0.345918  0.000000
  -16.880  -14.339   -7.575   -4.997   -0.481    6.429    7.856    8.225
            0.466660  0.354096  0.000000
  -16.863  -14.322   -7.658   -4.976   -0.481    6.536    7.870    8.255
            0.462492  0.362274  0.000000
  -16.845  -14.303   -7.751   -4.951   -0.482    6.656    7.887    8.288
            0.458325  0.370451  0.000000
  -16.824  -14.282   -7.852   -4.923   -0.483    6.786    7.906    8.325
            0.454157  0.378629  0.000000
  -16.802  -14.259   -7.961   -4.893   -0.485    6.927    7.927    8.365
            0.449990  0.386806  0.000000
  -16.777  -14.234   -8.078   -4.859   -0.487    7.076    7.952    8.409
            0.445823  0.394984  0.000000
  -16.750  -14.207   -8.202   -4.823   -0.490    7.233    7.980    8.456
            0.441655  0.403161  0.000000
  -16.721  -14.177   -8.332   -4.784   -0.494    7.395    8.013    8.506
            0.437487  0.411339  0.000000
  -16.689  -14.146   -8.468   -4.742   -0.499    7.558    8.055    8.559
            0.433320  0.419517  0.000000
  -16.656  -14.113   -8.609   -4.697   -0.506    7.713    8.112    8.616
            0.429152  0.427694  0.000000
  -16.620  -14.078   -8.755   -4.649   -0.513    7.847    8.197    8.676
            0.424985  0.435872  0.000000
  -16.583  -14.041   -8.905   -4.598   -0.523    7.944    8.323    8.741
            0.420818  0.444049  0.000000
  -16.543  -14.002   -9.059   -4.545   -0.535    8.010    8.482    8.810
            0.416650  0.452227  0.000000
  -16.501  -13.961   -9.216   -4.488   -0.548    8.058    8.656    8.888
            0.412482  0.460405  0.000000
  -16.456  -13.919   -9.375   -4.429   -0.564    8.097    8.820    8.883
            0.408315  0.468582  0.000000
  -16.410  -13.876   -9.536   -4.367   -0.583    8.129    8.856    8.945
            0.404147  0.476760  0.000000
  -16.362  -13.831   -9.698   -4.303   -0.605    8.157    8.825    9.038
            0.399980  0.484937  0.000000
  -16.311  -13.785   -9.862   -4.235   -0.629    8.181    8.788    9.121
            0.395813  0.493115  0.000000
  -16.259  -13.739  -10.026   -4.165   -0.657    8.201    8.747    9.201
            0.391645  0.501293  0.000000
  -16.204  -13.691  -10.190   -4.092   -0.688    8.216    8.702    9.281
            0.387477  0.509470  0.000000
  -16.147  -13.644  -10.353   -4.017   -0.723    8.225    8.655    9.360
            0.383310  0.517648  0.000000
  -16.089  -13.596  -10.515   -3.939   -0.762    8.229    8.606    9.439
            0.379142  0.525825  0.000000
  -16.028  -13.550  -10.675   -3.858   -0.805    8.225    8.557    9.519
            0.374975  0.534003  0.000000
  -15.965  -13.504  -10.831   -3.775   -0.852    8.215    8.508    9.597
            0.370808  0.542181  0.000000
  -15.900  -13.462  -10.983   -3.689   -0.904    8.197    8.462    9.675
            0.366640  0.550358  0.000000
  -15.834  -13.422  -11.130   -3.600   -0.960    8.172    8.418    9.752
            0.362472  0.558536  0.000000
  -15.765  -13.388  -11.268   -3.510   -1.020    8.140    8.377    9.826
            0.358305  0.566713  0.000000
  -15.695  -13.362  -11.397   -3.417   -1.085    8.101    8.341    9.899
            0.354137  0.574891  0.000000
  -15.622  -13.344  -11.514   -3.321   -1.154    8.055    8.309    9.969
            0.349970  0.583068  0.000000
  -15.549  -13.340  -11.615   -3.224   -1.228    8.003    8.283   10.034
            0.345803  0.591246  0.000000
  -15.473  -13.350  -11.698   -3.125   -1.305    7.945    8.262   10.095
            0.341635  0.599424  0.000000
  -15.397  -13.378  -11.760   -3.025   -1.386    7.883    8.247   10.149
            0.337467  0.607601  0.000000
  -15.319  -13.425  -11.800   -2.924   -1.470    7.817    8.238   10.194
            0.333300  0.615779  0.000000
  -15.241  -13.490  -11.817   -2.823   -1.555    7.747    8.235   10.229
            0.324968  0.600384  0.000000
  -15.278  -13.467  -11.794   -2.874   -1.510    7.664    8.248   10.132
            0.316635  0.584990  0.000000
  -15.355  -13.434  -11.723   -2.984   -1.409    7.565    8.274    9.873
            0.308302  0.569595  0.000000
  -15.472  -13.380  -11.614   -3.139   -1.264    7.454    8.307    9.535
            0.299970  0.554201  0.000000
  -15.624  -13.300  -11.477   -3.325   -1.087    7.335    8.336    9.164
            0.291637  0.538806  0.000000
  -15.803  -13.196  -11.317   -3.532   -0.886    7.210    8.346    8.780
            0.283305  0.523412  0.000000
  -16.002  -13.069  -11.141   -3.753   -0.669    7.080    8.314    8.395
            0.274973  0.508018  0.000000
  -16.215  -12.923  -10.951   -3.984   -0.437    6.947    8.013    8.218
            0.266640  0.492623  0.000000
  -16.436  -12.760  -10.751   -4.221   -0.193    6.811    7.638    8.047
            0.258308  0.477229  0.000000
  -16.662  -12.582  -10.541   -4.462    0.061    6.673    7.274    7.815
            0.249975  0.461834  0.000000
  -16.889  -12.392  -10.325   -4.704    0.324    6.526    6.928    7.543
            0.241643  0.446440  0.000000
  -17.115  -12.190  -10.102   -4.946    0.595    6.353    6.620    7.249
            0.233310  0.431045  0.000000
  -17.339  -11.978   -9.874   -5.187    0.874    6.111    6.393    6.947
            0.224977  0.415651  0.000000
  -17.559  -11.756   -9.642   -5.426    1.159    5.814    6.234    6.644
            0.216645  0.400256  0.000000
  -17.775  -11.526   -9.406   -5.660    1.450    5.507    6.100    6.343
            0.208313  0.384862  0.000000
  -17.985  -11.287   -9.168   -5.891    1.746    5.205    5.975    6.049
            0.199980  0.369467  0.000000
  -18.190  -11.040   -8.928   -6.116    2.046    4.911    5.763    5.856
            0.191647  0.354073  0.000000
  -18.388  -10.787   -8.688   -6.335    2.350    4.627    5.487    5.738
            0.183315  0.338678  0.000000
  -18.579  -10.526   -8.448   -6.547    2.656    4.355    5.221    5.598
            0.174983  0.323284  0.000000
  -18.763  -10.259   -8.208   -6.753    2.962    4.093    4.966    5.382
            0.166650  0.307889  0.000000
  -18.940   -9.987   -7.970   -6.952    3.267    3.844    4.725    5.137
            0.158317  0.292495  0.000000
  -19.109   -9.710   -7.735   -7.142    3.565    3.606    4.502    4.898
            0.149985  0.277100  0.000000
  -19.270   -9.428   -7.504   -7.324    3.380    3.833    4.319    4.669
            0.141652  0.261706  0.000000
  -19.424   -9.143   -7.498   -7.278    3.166    3.923    4.322    4.452
            0.133320  0.246312  0.000000
  -19.569   -8.856   -7.663   -7.057    2.964    3.786    4.247    4.559
            0.124988  0.230917  0.000000
  -19.705   -8.566   -7.820   -6.843    2.775    3.614    4.055    4.835
            0.116655  0.215523  0.000000
  -19.834   -8.276   -7.966   -6.637    2.597    3.443    3.874    4.937
            0.108323  0.200128  0.000000
  -19.953   -8.104   -7.987   -6.439    2.432    3.282    3.706    4.849
            0.099990  0.184734  0.000000
  -20.065   -8.232   -7.701   -6.251    2.278    3.131    3.551    4.755
            0.091657  0.169339  0.000000
  -20.167   -8.350   -7.418   -6.074    2.138    2.992    3.408    4.652
            0.083325  0.153945  0.000000
  -20.261   -8.458   -7.143   -5.909    2.009    2.864    3.277    4.538
            0.074992  0.138550  0.000000
  -20.346   -8.557   -6.876   -5.757    1.893    2.748    3.159    4.411
            0.066660  0.123156  0.000000
  -20.422   -8.645   -6.622   -5.617    1.789    2.644    3.053    4.271
            0.058327  0.107761  0.000000
  -20.489   -8.723   -6.383   -5.492    1.697    2.552    2.960    4.122
            0.049995  0.092367  0.000000
  -20.548   -8.791   -6.163   -5.382    1.618    2.472    2.879    3.968
            0.041662  0.076972  0.000000
  -20.597   -8.848   -5.968   -5.287    1.551    2.405    2.811    3.818
            0.033330  0.061578  0.000000
  -20.638   -8.895   -5.800   -5.208    1.496    2.350    2.755    3.680
            0.024998  0.046183  0.000000
  -20.669   -8.932   -5.664   -5.145    1.453    2.307    2.712    3.562
            0.016665  0.030789  0.000000
  -20.692   -8.958   -5.564   -5.099    1.423    2.276    2.681    3.471
            0.008332  0.015394  0.000000
  -20.705   -8.974   -5.503   -5.071    1.405    2.258    2.662    3.415
            0.000000  0.000000  0.000000
  -20.710   -8.979   -5.483   -5.062    1.399    2.252    2.656    3.396
