 &plot nbnd=   8, nks=   121 /
            0.000000  0.000000  0.000000
  -20.522   -8.856   -5.492   -5.360    1.364    1.726    2.195    2.609
            0.012500  0.007217  0.000000
  -20.519   -8.853   -5.511   -5.364    1.366    1.747    2.199    2.613
            0.025000  0.014434  0.000000
  -20.511   -8.843   -5.570   -5.376    1.376    1.809    2.211    2.625
            0.037500  0.021651  0.000000
  -20.497   -8.827   -5.666   -5.395    1.392    1.909    2.230    2.646
            0.050000  0.028868  0.000000
  -20.478   -8.805   -5.796   -5.420    1.417    2.043    2.257    2.675
            0.062500  0.036084  0.000000
  -20.453   -8.777   -5.958   -5.451    1.449    2.206    2.292    2.713
            0.075000  0.043301  0.000000
  -20.422   -8.742   -6.146   -5.488    1.490    2.334    2.391    2.762
            0.087500  0.050518  0.000000
  -20.386   -8.701   -6.356   -5.530    1.539    2.384    2.590    2.828
            0.100000  0.057735  0.000000
  -20.344   -8.653   -6.586   -5.578    1.596    2.441    2.770    2.936
            0.112500  0.064952  0.000000
  -20.297   -8.600   -6.831   -5.630    1.661    2.506    2.887    3.130
            0.125000  0.072169  0.000000
  -20.244   -8.540   -7.089   -5.686    1.734    2.578    2.976    3.369
            0.137500  0.079386  0.000000
  -20.187   -8.474   -7.357   -5.746    1.815    2.657    3.065    3.624
            0.150000  0.086603  0.000000
  -20.123   -8.403   -7.633   -5.808    1.904    2.743    3.159    3.884
            0.162500  0.093819  0.000000
  -20.055   -8.325   -7.914   -5.873    2.001    2.836    3.259    4.146
            0.175000  0.101036  0.000000
  -19.981   -8.242   -8.200   -5.940    2.105    2.935    3.366    4.405
            0.187500  0.108253  0.000000
  -19.902   -8.490   -8.153   -6.008    2.217    3.038    3.481    4.657
            0.200000  0.115470  0.000000
  -19.817   -8.781   -8.059   -6.078    2.337    3.143    3.604    4.462
            0.212500  0.122687  0.000000
  -19.728   -9.073   -7.959   -6.147    2.465    3.243    3.734    4.252
            0.225000  0.129904  0.000000
  -19.634   -9.364   -7.855   -6.216    2.600    3.321    3.872    4.064
            0.237500  0.137121  0.000000
  -19.535   -9.655   -7.745   -6.285    2.743    3.329    3.945    4.018
            0.250000  0.144338  0.000000
  -19.432   -9.944   -7.631   -6.353    2.893    3.218    3.949    4.172
            0.262500  0.151554  0.000000
  -19.324  -10.231   -7.512   -6.420    3.022    3.052    4.044    4.333
            0.275000  0.158771  0.000000
  -19.211  -10.515   -7.389   -6.485    2.790    3.217    4.180    4.502
            0.287500  0.165988  0.000000
  -19.095  -10.795   -7.263   -6.549    2.544    3.391    4.338    4.678
            0.300000  0.173205  0.000000
  -18.975  -11.071   -7.133   -6.610    2.293    3.571    4.510    4.862
            0.312500  0.180422  0.000000
  -18.851  -11.343   -7.001   -6.668    2.040    3.759    4.693    5.054
            0.325000  0.187639  0.000000
  -18.725  -11.609   -6.866   -6.724    1.789    3.955    4.886    5.252
            0.337500  0.194856  0.000000
  -18.595  -11.868   -6.777   -6.731    1.542    4.158    5.088    5.458
            0.350000  0.202073  0.000000
  -18.464  -12.121   -6.826   -6.594    1.300    4.367    5.298    5.668
            0.362500  0.209290  0.000000
  -18.332  -12.365   -6.873   -6.458    1.065    4.584    5.516    5.876
            0.375000  0.216506  0.000000
  -18.199  -12.601   -6.915   -6.324    0.839    4.808    5.743    6.052
            0.387500  0.223723  0.000000
  -18.067  -12.826   -6.955   -6.193    0.623    5.037    5.977    6.126
            0.400000  0.230940  0.000000
  -17.937  -13.040   -6.990   -6.067    0.420    5.271    6.147    6.219
            0.412500  0.238157  0.000000
  -17.812  -13.240   -7.021   -5.947    0.232    5.509    6.159    6.468
            0.425000  0.245374  0.000000
  -17.693  -13.423   -7.049   -5.836    0.061    5.742    6.176    6.725
            0.437500  0.252591  0.000000
  -17.583  -13.588   -7.072   -5.735   -0.090    5.945    6.229    6.989
            0.450000  0.259808  0.000000
  -17.485  -13.731   -7.091   -5.649   -0.219    6.050    6.383    7.261
            0.462500  0.267025  0.000000
  -17.403  -13.847   -7.106   -5.578   -0.322    6.081    6.614    7.540
            0.475000  0.274241  0.000000
  -17.341  -13.934   -7.117   -5.525   -0.398    6.091    6.865    7.825
            0.487500  0.281458  0.000000
  -17.303  -13.988   -7.124   -5.493   -0.445    6.094    7.107    7.807
            0.500000  0.288675  0.000000
  -17.289  -14.006   -7.126   -5.482   -0.460    6.095    7.245    7.670
            0.495833  0.297238  0.000000
  -17.288  -14.005   -7.132   -5.480   -0.460    6.103    7.246    7.672
            0.491665  0.305800  0.000000
  -17.285  -14.002   -7.150   -5.476   -0.460    6.125    7.248    7.679
            0.487497  0.314363  0.000000
  -17.280  -13.996   -7.179   -5.469   -0.459    6.161    7.251    7.690
            0.483330  0.322925  0.000000
  -17.272  -13.988   -7.221   -5.459   -0.458    6.212    7.256    7.705
            0.479162  0.331487  0.000000
  -17.262  -13.977   -7.273   -5.446   -0.457    6.276    7.263    7.725
            0.474995  0.340050  0.000000
  -17.250  -13.965   -7.336   -5.430   -0.456    6.353    7.272    7.748
            0.470828  0.348612  0.000000
  -17.236  -13.950   -7.410   -5.411   -0.455    6.442    7.284    7.776
            0.466660  0.357175  0.000000
  -17.220  -13.933   -7.494   -5.390   -0.453    6.542    7.298    7.807
            0.462492  0.365737  0.000000
  -17.202  -13.913   -7.587   -5.365   -0.452    6.651    7.317    7.842
            0.458325  0.374300  0.000000
  -17.181  -13.891   -7.689   -5.338   -0.451    6.766    7.342    7.881
            0.454157  0.382862  0.000000
  -17.158  -13.867   -7.799   -5.308   -0.450    6.883    7.376    7.923
            0.449990  0.391425  0.000000
  -17.134  -13.841   -7.917   -5.275   -0.450    6.994    7.426    7.969
            0.445823  0.399987  0.000000
  -17.107  -13.813   -8.041   -5.239   -0.451    7.089    7.501    8.018
            0.441655  0.408550  0.000000
  -17.077  -13.782   -8.173   -5.200   -0.452    7.160    7.606    8.070
            0.437487  0.417112  0.000000
  -17.046  -13.750   -8.310   -5.159   -0.454    7.210    7.740    8.126
            0.433320  0.425674  0.000000
  -17.013  -13.715   -8.452   -5.114   -0.457    7.244    7.891    8.186
            0.429152  0.434237  0.000000
  -16.977  -13.678   -8.599   -5.067   -0.461    7.268    8.051    8.251
            0.424985  0.442799  0.000000
  -16.939  -13.640   -8.750   -5.017   -0.467    7.285    8.206    8.329
            0.420818  0.451362  0.000000
  -16.899  -13.599   -8.905   -4.964   -0.475    7.296    8.326    8.443
            0.416650  0.459924  0.000000
  -16.857  -13.557   -9.063   -4.909   -0.485    7.302    8.409    8.457
            0.412482  0.468487  0.000000
  -16.813  -13.513   -9.224   -4.851   -0.497    7.303    8.451    8.482
            0.408315  0.477049  0.000000
  -16.767  -13.467   -9.387   -4.790   -0.511    7.297    8.439    8.552
            0.404147  0.485612  0.000000
  -16.718  -13.420   -9.551   -4.726   -0.528    7.286    8.423    8.621
            0.399980  0.494174  0.000000
  -16.668  -13.372   -9.717   -4.659   -0.548    7.268    8.401    8.690
            0.395813  0.502737  0.000000
  -16.615  -13.322   -9.883   -4.590   -0.571    7.243    8.374    8.757
            0.391645  0.511299  0.000000
  -16.561  -13.272  -10.049   -4.518   -0.598    7.210    8.344    8.822
            0.387477  0.519861  0.000000
  -16.504  -13.221  -10.215   -4.444   -0.628    7.170    8.309    8.887
            0.383310  0.528424  0.000000
  -16.445  -13.170  -10.380   -4.367   -0.662    7.124    8.273    8.950
            0.379142  0.536986  0.000000
  -16.384  -13.119  -10.542   -4.288   -0.700    7.071    8.235    9.014
            0.374975  0.545549  0.000000
  -16.322  -13.070  -10.702   -4.206   -0.742    7.011    8.197    9.079
            0.370808  0.554111  0.000000
  -16.257  -13.024  -10.857   -4.121   -0.789    6.946    8.159    9.145
            0.366640  0.562674  0.000000
  -16.190  -12.981  -11.006   -4.034   -0.841    6.876    8.124    9.214
            0.362472  0.571236  0.000000
  -16.121  -12.944  -11.147   -3.945   -0.896    6.801    8.091    9.285
            0.358305  0.579799  0.000000
  -16.051  -12.916  -11.277   -3.853   -0.957    6.723    8.061    9.358
            0.354137  0.588361  0.000000
  -15.979  -12.900  -11.392   -3.760   -1.022    6.641    8.036    9.433
            0.349970  0.596924  0.000000
  -15.905  -12.899  -11.488   -3.664   -1.091    6.556    8.016    9.509
            0.345803  0.605486  0.000000
  -15.829  -12.919  -11.561   -3.567   -1.165    6.469    8.001    9.584
            0.341635  0.614048  0.000000
  -15.752  -12.961  -11.608   -3.468   -1.243    6.381    7.991    9.657
            0.337467  0.622611  0.000000
  -15.674  -13.027  -11.629   -3.368   -1.324    6.290    7.988    9.725
            0.333300  0.631173  0.000000
  -15.594  -13.112  -11.626   -3.267   -1.408    6.199    7.990    9.783
            0.324968  0.615394  0.000000
  -15.636  -13.059  -11.631   -3.318   -1.364    6.126    8.004    9.798
            0.316635  0.599615  0.000000
  -15.703  -13.016  -11.583   -3.407   -1.285    6.040    8.029    9.565
            0.308302  0.583835  0.000000
  -15.796  -12.972  -11.492   -3.528   -1.175    5.946    8.060    9.234
            0.299970  0.568056  0.000000
  -15.913  -12.920  -11.366   -3.677   -1.038    5.845    8.087    8.872
            0.291637  0.552277  0.000000
  -16.054  -12.851  -11.215   -3.847   -0.878    5.740    8.094    8.498
            0.283305  0.536497  0.000000
  -16.213  -12.764  -11.044   -4.033   -0.699    5.632    8.061    8.123
            0.274973  0.520718  0.000000
  -16.387  -12.658  -10.859   -4.232   -0.505    5.523    7.750    7.965
            0.266640  0.504939  0.000000
  -16.572  -12.534  -10.663   -4.439   -0.296    5.414    7.383    7.799
            0.258308  0.489159  0.000000
  -16.765  -12.393  -10.459   -4.653   -0.076    5.306    7.025    7.575
            0.249975  0.473380  0.000000
  -16.963  -12.236  -10.247   -4.870    0.154    5.198    6.675    7.312
            0.241643  0.457601  0.000000
  -17.163  -12.065  -10.029   -5.089    0.393    5.092    6.335    7.030
            0.233310  0.441821  0.000000
  -17.364  -11.881   -9.808   -5.309    0.641    4.988    6.006    6.739
            0.224977  0.426042  0.000000
  -17.563  -11.685   -9.583   -5.527    0.896    4.885    5.689    6.447
            0.216645  0.410263  0.000000
  -17.760  -11.478   -9.355   -5.743    1.156    4.782    5.386    6.158
            0.208313  0.394483  0.000000
  -17.953  -11.261   -9.126   -5.956    1.423    4.676    5.100    5.875
            0.199980  0.378704  0.000000
  -18.142  -11.034   -8.896   -6.164    1.694    4.555    4.843    5.600
            0.191647  0.362925  0.000000
  -18.326  -10.799   -8.666   -6.368    1.968    4.390    4.644    5.334
            0.183315  0.347145  0.000000
  -18.504  -10.555   -8.437   -6.566    2.244    4.173    4.511    5.079
            0.174983  0.331366  0.000000
  -18.677  -10.304   -8.211   -6.758    2.522    3.939    4.408    4.835
            0.166650  0.315587  0.000000
  -18.843  -10.045   -7.987   -6.944    2.798    3.705    4.317    4.603
            0.158317  0.299807  0.000000
  -19.002   -9.781   -7.766   -7.123    3.069    3.480    4.229    4.388
            0.149985  0.284028  0.000000
  -19.154   -9.510   -7.550   -7.294    3.264    3.325    4.141    4.199
            0.141652  0.268249  0.000000
  -19.299   -9.235   -7.457   -7.340    3.058    3.530    4.049    4.069
            0.133320  0.252469  0.000000
  -19.436   -8.955   -7.613   -7.136    2.864    3.574    3.949    4.107
            0.124988  0.236690  0.000000
  -19.565   -8.672   -7.760   -6.939    2.682    3.467    3.834    4.011
            0.116655  0.220911  0.000000
  -19.687   -8.387   -7.898   -6.751    2.510    3.323    3.702    3.861
            0.108323  0.205131  0.000000
  -19.801   -8.100   -8.028   -6.572    2.351    3.176    3.560    3.722
            0.099990  0.189352  0.000000
  -19.907   -8.149   -7.815   -6.402    2.203    3.035    3.415    3.581
            0.091657  0.173573  0.000000
  -20.004   -8.261   -7.531   -6.243    2.067    2.903    3.273    3.434
            0.083325  0.157793  0.000000
  -20.094   -8.363   -7.252   -6.096    1.943    2.782    3.129    3.284
            0.074992  0.142014  0.000000
  -20.175   -8.456   -6.979   -5.960    1.831    2.671    2.974    3.142
            0.066660  0.126235  0.000000
  -20.247   -8.540   -6.717   -5.838    1.730    2.572    2.800    3.020
            0.058327  0.110455  0.000000
  -20.312   -8.613   -6.467   -5.728    1.642    2.484    2.611    2.918
            0.049995  0.094676  0.000000
  -20.367   -8.678   -6.235   -5.633    1.566    2.408    2.420    2.834
            0.041662  0.078897  0.000000
  -20.415   -8.732   -6.025   -5.551    1.502    2.236    2.343    2.764
            0.033330  0.063117  0.000000
  -20.453   -8.777   -5.843   -5.483    1.451    2.069    2.290    2.708
            0.024998  0.047338  0.000000
  -20.484   -8.811   -5.694   -5.430    1.411    1.927    2.249    2.664
            0.016665  0.031559  0.000000
  -20.505   -8.836   -5.583   -5.392    1.384    1.818    2.219    2.633
            0.008332  0.015779  0.000000
  -20.518   -8.851   -5.515   -5.368    1.369    1.749    2.201    2.615
            0.000000  0.000000  0.000000
  -20.522   -8.856   -5.492   -5.360    1.364    1.726    2.195    2.609
