 &plot nbnd=   8, nks=   121 /
            0.000000  0.000000  0.000000
  -20.814   -9.048   -5.421   -4.947    1.418    2.279    2.680    4.194
            0.012500  0.007217  0.000000
  -20.811   -9.044   -5.438   -4.953    1.423    2.283    2.685    4.208
            0.025000  0.014434  0.000000
  -20.802   -9.033   -5.488   -4.971    1.436    2.296    2.698    4.252
            0.037500  0.021651  0.000000
  -20.786   -9.015   -5.570   -4.999    1.457    2.318    2.719    4.322
            0.050000  0.028868  0.000000
  -20.763   -8.989   -5.684   -5.037    1.487    2.348    2.750    4.417
            0.062500  0.036084  0.000000
  -20.735   -8.956   -5.826   -5.085    1.525    2.387    2.789    4.534
            0.075000  0.043301  0.000000
  -20.700   -8.915   -5.995   -5.142    1.572    2.435    2.837    4.669
            0.087500  0.050518  0.000000
  -20.659   -8.867   -6.188   -5.206    1.628    2.491    2.894    4.799
            0.100000  0.057735  0.000000
  -20.612   -8.812   -6.401   -5.278    1.693    2.556    2.960    4.863
            0.112500  0.064952  0.000000
  -20.558   -8.750   -6.632   -5.355    1.766    2.629    3.034    4.934
            0.125000  0.072169  0.000000
  -20.498   -8.680   -6.879   -5.438    1.848    2.711    3.118    5.014
            0.137500  0.079386  0.000000
  -20.432   -8.603   -7.139   -5.526    1.938    2.802    3.210    5.101
            0.150000  0.086603  0.000000
  -20.359   -8.520   -7.410   -5.617    2.037    2.901    3.311    5.194
            0.162500  0.093819  0.000000
  -20.281   -8.429   -7.691   -5.710    2.145    3.008    3.420    5.291
            0.175000  0.101036  0.000000
  -20.196   -8.332   -7.978   -5.806    2.261    3.123    3.539    5.382
            0.187500  0.108253  0.000000
  -20.105   -8.272   -8.227   -5.903    2.386    3.246    3.666    5.420
            0.200000  0.115470  0.000000
  -20.008   -8.570   -8.116   -6.001    2.520    3.376    3.802    5.295
            0.212500  0.122687  0.000000
  -19.906   -8.871   -7.999   -6.098    2.662    3.511    3.947    5.061
            0.225000  0.129904  0.000000
  -19.797   -9.175   -7.875   -6.195    2.813    3.648    4.100    4.802
            0.237500  0.137121  0.000000
  -19.682   -9.480   -7.745   -6.291    2.972    3.776    4.263    4.548
            0.250000  0.144338  0.000000
  -19.562   -9.786   -7.609   -6.384    3.140    3.846    4.353    4.434
            0.262500  0.151554  0.000000
  -19.436  -10.091   -7.468   -6.476    3.317    3.740    4.339    4.613
            0.275000  0.158771  0.000000
  -19.304  -10.396   -7.321   -6.565    3.499    3.502    4.465    4.802
            0.287500  0.165988  0.000000
  -19.167  -10.699   -7.169   -6.651    3.219    3.695    4.637    4.999
            0.300000  0.173205  0.000000
  -19.025  -10.999   -7.012   -6.733    2.928    3.897    4.830    5.204
            0.312500  0.180422  0.000000
  -18.878  -11.297   -6.851   -6.812    2.633    4.107    5.035    5.417
            0.325000  0.187639  0.000000
  -18.725  -11.591   -6.887   -6.687    2.338    4.325    5.252    5.638
            0.337500  0.194856  0.000000
  -18.569  -11.881   -6.958   -6.519    2.046    4.551    5.478    5.862
            0.350000  0.202073  0.000000
  -18.408  -12.166   -7.024   -6.350    1.759    4.785    5.713    6.069
            0.362500  0.209290  0.000000
  -18.244  -12.446   -7.086   -6.179    1.478    5.026    5.958    6.150
            0.375000  0.216506  0.000000
  -18.076  -12.720   -7.143   -6.009    1.205    5.275    6.152    6.211
            0.387500  0.223723  0.000000
  -17.907  -12.986   -7.195   -5.841    0.943    5.527    6.147    6.472
            0.400000  0.230940  0.000000
  -17.736  -13.243   -7.242   -5.676    0.693    5.775    6.152    6.742
            0.412500  0.238157  0.000000
  -17.567  -13.489   -7.283   -5.517    0.458    5.972    6.216    7.021
            0.425000  0.245374  0.000000
  -17.400  -13.723   -7.319   -5.367    0.242    6.035    6.422    7.307
            0.437500  0.252591  0.000000
  -17.239  -13.940   -7.350   -5.230    0.047    6.043    6.694    7.601
            0.450000  0.259808  0.000000
  -17.089  -14.136   -7.376   -5.108   -0.121    6.040    6.984    7.903
            0.462500  0.267025  0.000000
  -16.957  -14.305   -7.395   -5.007   -0.258    6.035    7.283    8.213
            0.475000  0.274241  0.000000
  -16.851  -14.437   -7.409   -4.931   -0.360    6.032    7.589    8.530
            0.487500  0.281458  0.000000
  -16.781  -14.522   -7.418   -4.884   -0.423    6.029    7.893    8.595
            0.500000  0.288675  0.000000
  -16.757  -14.552   -7.421   -4.868   -0.445    6.028    8.107    8.377
            0.495832  0.296660  0.000000
  -16.756  -14.551   -7.427   -4.866   -0.445    6.036    8.108    8.379
            0.491665  0.304646  0.000000
  -16.752  -14.548   -7.444   -4.862   -0.445    6.059    8.111    8.385
            0.487497  0.312631  0.000000
  -16.747  -14.542   -7.474   -4.854   -0.445    6.097    8.116    8.395
            0.483330  0.320616  0.000000
  -16.739  -14.534   -7.514   -4.844   -0.445    6.150    8.123    8.409
            0.479162  0.328601  0.000000
  -16.730  -14.525   -7.566   -4.831   -0.446    6.217    8.132    8.426
            0.474995  0.336586  0.000000
  -16.718  -14.513   -7.628   -4.815   -0.446    6.299    8.144    8.447
            0.470827  0.344571  0.000000
  -16.704  -14.498   -7.701   -4.796   -0.447    6.394    8.157    8.472
            0.466660  0.352556  0.000000
  -16.688  -14.482   -7.784   -4.774   -0.448    6.503    8.173    8.500
            0.462492  0.360542  0.000000
  -16.669  -14.463   -7.875   -4.749   -0.450    6.623    8.190    8.532
            0.458325  0.368527  0.000000
  -16.649  -14.443   -7.976   -4.721   -0.452    6.756    8.211    8.568
            0.454157  0.376512  0.000000
  -16.626  -14.420   -8.084   -4.690   -0.455    6.899    8.233    8.606
            0.449990  0.384497  0.000000
  -16.601  -14.395   -8.200   -4.656   -0.459    7.052    8.258    8.648
            0.445822  0.392482  0.000000
  -16.574  -14.369   -8.323   -4.620   -0.464    7.215    8.286    8.694
            0.441655  0.400467  0.000000
  -16.545  -14.340   -8.453   -4.580   -0.469    7.385    8.316    8.742
            0.437487  0.408453  0.000000
  -16.514  -14.309   -8.588   -4.538   -0.476    7.562    8.350    8.794
            0.433320  0.416438  0.000000
  -16.480  -14.276   -8.728   -4.492   -0.485    7.744    8.388    8.849
            0.429152  0.424423  0.000000
  -16.445  -14.242   -8.873   -4.444   -0.495    7.927    8.432    8.907
            0.424985  0.432408  0.000000
  -16.407  -14.206   -9.022   -4.393   -0.507    8.104    8.489    8.968
            0.420817  0.440393  0.000000
  -16.367  -14.168   -9.174   -4.339   -0.521    8.260    8.572    9.033
            0.416650  0.448378  0.000000
  -16.325  -14.128   -9.330   -4.283   -0.537    8.375    8.699    9.103
            0.412482  0.456364  0.000000
  -16.281  -14.087   -9.488   -4.223   -0.556    8.451    8.864    9.092
            0.408315  0.464349  0.000000
  -16.235  -14.045   -9.647   -4.161   -0.577    8.506    9.040    9.057
            0.404147  0.472334  0.000000
  -16.187  -14.001   -9.809   -4.095   -0.602    8.552    9.017    9.196
            0.399980  0.480319  0.000000
  -16.136  -13.956   -9.971   -4.027   -0.629    8.593    8.973    9.313
            0.395812  0.488304  0.000000
  -16.084  -13.911  -10.134   -3.957   -0.660    8.629    8.924    9.405
            0.391645  0.496289  0.000000
  -16.029  -13.865  -10.296   -3.883   -0.695    8.662    8.872    9.490
            0.387477  0.504275  0.000000
  -15.972  -13.819  -10.458   -3.807   -0.733    8.691    8.819    9.572
            0.383310  0.512260  0.000000
  -15.914  -13.773  -10.618   -3.728   -0.775    8.716    8.764    9.654
            0.379142  0.520245  0.000000
  -15.853  -13.728  -10.775   -3.646   -0.821    8.710    8.736    9.735
            0.374975  0.528230  0.000000
  -15.790  -13.685  -10.930   -3.562   -0.872    8.658    8.751    9.815
            0.370807  0.536215  0.000000
  -15.725  -13.644  -11.080   -3.475   -0.927    8.607    8.759    9.894
            0.366640  0.544200  0.000000
  -15.659  -13.607  -11.224   -3.386   -0.987    8.560    8.760    9.972
            0.362472  0.552185  0.000000
  -15.590  -13.575  -11.360   -3.294   -1.051    8.517    8.754   10.049
            0.358305  0.560171  0.000000
  -15.520  -13.551  -11.488   -3.200   -1.119    8.478    8.740   10.122
            0.354137  0.568156  0.000000
  -15.447  -13.535  -11.603   -3.104   -1.192    8.445    8.720   10.192
            0.349970  0.576141  0.000000
  -15.374  -13.532  -11.703   -3.005   -1.269    8.416    8.691   10.258
            0.345802  0.584126  0.000000
  -15.298  -13.542  -11.786   -2.905   -1.349    8.394    8.656   10.317
            0.341635  0.592111  0.000000
  -15.222  -13.569  -11.849   -2.804   -1.433    8.377    8.615   10.370
            0.337467  0.600096  0.000000
  -15.145  -13.613  -11.891   -2.701   -1.520    8.367    8.567   10.414
            0.333300  0.608082  0.000000
  -15.067  -13.673  -11.912   -2.600   -1.608    8.363    8.515   10.447
            0.324967  0.592880  0.000000
  -15.104  -13.655  -11.884   -2.657   -1.557    8.375    8.439   10.319
            0.316635  0.577678  0.000000
  -15.193  -13.614  -11.808   -2.787   -1.434    8.344    8.401   10.049
            0.308302  0.562475  0.000000
  -15.330  -13.542  -11.696   -2.966   -1.263    8.234    8.434    9.706
            0.299970  0.547273  0.000000
  -15.506  -13.439  -11.556   -3.174   -1.062    8.113    8.464    9.330
            0.291637  0.532071  0.000000
  -15.709  -13.310  -11.394   -3.400   -0.841    7.981    8.476    8.944
            0.283305  0.516869  0.000000
  -15.931  -13.160  -11.217   -3.638   -0.605    7.840    8.445    8.557
            0.274972  0.501667  0.000000
  -16.163  -12.993  -11.026   -3.883   -0.355    7.688    8.181    8.349
            0.266640  0.486465  0.000000
  -16.401  -12.812  -10.824   -4.134   -0.096    7.510    7.834    8.178
            0.258307  0.471263  0.000000
  -16.641  -12.618  -10.613   -4.386    0.174    7.264    7.561    7.942
            0.249975  0.456061  0.000000
  -16.880  -12.412  -10.395   -4.640    0.452    6.947    7.368    7.665
            0.241642  0.440859  0.000000
  -17.118  -12.197  -10.170   -4.892    0.738    6.607    7.208    7.366
            0.233310  0.425657  0.000000
  -17.352  -11.973   -9.939   -5.143    1.031    6.268    7.057    7.060
            0.224977  0.410455  0.000000
  -17.581  -11.740   -9.704   -5.390    1.330    5.935    6.748    6.915
            0.216645  0.395253  0.000000
  -17.804  -11.500   -9.466   -5.633    1.635    5.612    6.442    6.769
            0.208312  0.380051  0.000000
  -18.022  -11.251   -9.224   -5.871    1.946    5.300    6.142    6.588
            0.199980  0.364849  0.000000
  -18.233  -10.996   -8.980   -6.104    2.260    4.998    5.850    6.315
            0.191647  0.349647  0.000000
  -18.437  -10.734   -8.735   -6.330    2.578    4.708    5.568    6.025
            0.183315  0.334445  0.000000
  -18.634  -10.466   -8.490   -6.549    2.898    4.430    5.296    5.743
            0.174982  0.319243  0.000000
  -18.823  -10.192   -8.245   -6.761    3.218    4.164    5.036    5.472
            0.166650  0.304041  0.000000
  -19.005   -9.914   -8.002   -6.966    3.537    3.909    4.790    5.213
            0.158317  0.288839  0.000000
  -19.178   -9.631   -7.760   -7.162    3.667    3.848    4.563    4.967
            0.149985  0.273637  0.000000
  -19.343   -9.344   -7.522   -7.349    3.437    4.100    4.404    4.732
            0.141652  0.258435  0.000000
  -19.500   -9.054   -7.528   -7.289    3.219    4.044    4.511    4.562
            0.133320  0.243233  0.000000
  -19.649   -8.762   -7.698   -7.060    3.014    3.861    4.302    4.854
            0.124987  0.228031  0.000000
  -19.788   -8.469   -7.858   -6.838    2.820    3.676    4.105    5.151
            0.116655  0.212829  0.000000
  -19.920   -8.177   -8.009   -6.624    2.640    3.499    3.922    5.426
            0.108322  0.197627  0.000000
  -20.042   -8.150   -7.886   -6.418    2.471    3.332    3.750    5.423
            0.099990  0.182424  0.000000
  -20.156   -8.282   -7.598   -6.221    2.315    3.177    3.592    5.339
            0.091657  0.167222  0.000000
  -20.260   -8.403   -7.315   -6.036    2.172    3.034    3.446    5.252
            0.083325  0.152020  0.000000
  -20.356   -8.514   -7.041   -5.862    2.041    2.904    3.313    5.160
            0.074992  0.136818  0.000000
  -20.443   -8.615   -6.776   -5.700    1.923    2.785    3.193    5.059
            0.066660  0.121616  0.000000
  -20.521   -8.705   -6.524   -5.552    1.817    2.679    3.085    4.948
            0.058327  0.106414  0.000000
  -20.589   -8.785   -6.289   -5.418    1.723    2.585    2.990    4.828
            0.049995  0.091212  0.000000
  -20.649   -8.855   -6.074   -5.300    1.642    2.504    2.908    4.700
            0.041662  0.076010  0.000000
  -20.699   -8.914   -5.884   -5.196    1.574    2.435    2.838    4.571
            0.033330  0.060808  0.000000
  -20.741   -8.962   -5.722   -5.110    1.518    2.379    2.781    4.450
            0.024997  0.045606  0.000000
  -20.773   -9.000   -5.592   -5.040    1.474    2.335    2.737    4.344
            0.016665  0.030404  0.000000
  -20.796   -9.027   -5.497   -4.989    1.443    2.304    2.705    4.263
            0.008332  0.015202  0.000000
  -20.810   -9.043   -5.440   -4.958    1.425    2.285    2.687    4.211
            0.000000  0.000000  0.000000
  -20.814   -9.048   -5.421   -4.947    1.418    2.279    2.680    4.194
