 &plot nbnd=   8, nks=   121 /
            0.000000  0.000000  0.000000
  -20.442   -8.804   -5.592   -5.391    0.886    1.348    2.167    2.586
            0.012500  0.007217  0.000000
  -20.440   -8.801   -5.598   -5.409    0.908    1.353    2.171    2.589
            0.025000  0.014434  0.000000
  -20.432   -8.792   -5.620   -5.461    0.970    1.368    2.182    2.601
            0.037500  0.021651  0.000000
  -20.419   -8.777   -5.673   -5.528    1.069    1.395    2.200    2.621
            0.050000  0.028868  0.000000
  -20.400   -8.756   -5.782   -5.580    1.193    1.440    2.226    2.648
            0.062500  0.036084  0.000000
  -20.376   -8.729   -5.940   -5.619    1.317    1.526    2.259    2.684
            0.075000  0.043301  0.000000
  -20.347   -8.696   -6.132   -5.656    1.408    1.678    2.300    2.727
            0.087500  0.050518  0.000000
  -20.313   -8.657   -6.349   -5.695    1.477    1.881    2.347    2.779
            0.100000  0.057735  0.000000
  -20.273   -8.613   -6.585   -5.737    1.543    2.111    2.402    2.841
            0.112500  0.064952  0.000000
  -20.228   -8.562   -6.835   -5.783    1.612    2.357    2.464    2.913
            0.125000  0.072169  0.000000
  -20.178   -8.506   -7.098   -5.831    1.686    2.533    2.609    2.999
            0.137500  0.079386  0.000000
  -20.123   -8.444   -7.369   -5.883    1.766    2.608    2.847    3.115
            0.150000  0.086603  0.000000
  -20.063   -8.376   -7.647   -5.937    1.854    2.690    3.036    3.293
            0.162500  0.093819  0.000000
  -19.998   -8.303   -7.929   -5.994    1.948    2.778    3.172    3.534
            0.175000  0.101036  0.000000
  -19.928   -8.225   -8.215   -6.052    2.050    2.870    3.291    3.799
            0.187500  0.108253  0.000000
  -19.853   -8.503   -8.141   -6.111    2.159    2.966    3.409    4.070
            0.200000  0.115470  0.000000
  -19.773   -8.791   -8.053   -6.171    2.276    3.060    3.531    4.250
            0.212500  0.122687  0.000000
  -19.689   -9.080   -7.959   -6.232    2.399    3.143    3.659    4.062
            0.225000  0.129904  0.000000
  -19.600   -9.367   -7.861   -6.292    2.530    3.192    3.794    3.908
            0.237500  0.137121  0.000000
  -19.507   -9.653   -7.758   -6.353    2.669    3.161    3.836    3.936
            0.250000  0.144338  0.000000
  -19.409   -9.936   -7.651   -6.412    2.814    3.030    3.868    4.085
            0.262500  0.151554  0.000000
  -19.308  -10.216   -7.540   -6.471    2.838    2.967    3.966    4.241
            0.275000  0.158771  0.000000
  -19.202  -10.493   -7.425   -6.528    2.617    3.127    4.098    4.405
            0.287500  0.165988  0.000000
  -19.093  -10.765   -7.308   -6.584    2.385    3.295    4.250    4.575
            0.300000  0.173205  0.000000
  -18.981  -11.033   -7.187   -6.638    2.149    3.469    4.415    4.753
            0.312500  0.180422  0.000000
  -18.866  -11.294   -7.065   -6.690    1.911    3.651    4.591    4.938
            0.325000  0.187639  0.000000
  -18.749  -11.550   -6.941   -6.739    1.676    3.839    4.777    5.130
            0.337500  0.194856  0.000000
  -18.629  -11.799   -6.816   -6.786    1.444    4.035    4.971    5.328
            0.350000  0.202073  0.000000
  -18.509  -12.040   -6.830   -6.690    1.217    4.238    5.174    5.531
            0.362500  0.209290  0.000000
  -18.387  -12.272   -6.871   -6.566    0.998    4.447    5.384    5.737
            0.375000  0.216506  0.000000
  -18.267  -12.495   -6.909   -6.444    0.788    4.662    5.602    5.930
            0.387500  0.223723  0.000000
  -18.148  -12.706   -6.944   -6.326    0.588    4.883    5.828    6.062
            0.400000  0.230940  0.000000
  -18.032  -12.905   -6.976   -6.212    0.400    5.110    6.061    6.111
            0.412500  0.238157  0.000000
  -17.921  -13.089   -7.004   -6.104    0.228    5.340    6.133    6.302
            0.425000  0.245374  0.000000
  -17.817  -13.258   -7.028   -6.005    0.071    5.571    6.150    6.550
            0.437500  0.252591  0.000000
  -17.722  -13.407   -7.049   -5.917   -0.066    5.793    6.177    6.805
            0.450000  0.259808  0.000000
  -17.638  -13.535   -7.066   -5.840   -0.183    5.969    6.252    7.067
            0.462500  0.267025  0.000000
  -17.569  -13.638   -7.080   -5.778   -0.276    6.050    6.421    7.336
            0.475000  0.274241  0.000000
  -17.517  -13.715   -7.089   -5.732   -0.345    6.076    6.641    7.612
            0.487500  0.281458  0.000000
  -17.485  -13.761   -7.095   -5.704   -0.386    6.085    6.853    7.572
            0.500000  0.288675  0.000000
  -17.474  -13.777   -7.097   -5.695   -0.400    6.087    6.965    7.464
            0.495833  0.297430  0.000000
  -17.473  -13.776   -7.103   -5.693   -0.400    6.094    6.966    7.466
            0.491665  0.306185  0.000000
  -17.470  -13.773   -7.121   -5.689   -0.399    6.115    6.968    7.473
            0.487497  0.314940  0.000000
  -17.465  -13.767   -7.150   -5.682   -0.399    6.150    6.972    7.484
            0.483330  0.323695  0.000000
  -17.457  -13.758   -7.192   -5.672   -0.397    6.198    6.977    7.500
            0.479162  0.332450  0.000000
  -17.447  -13.748   -7.244   -5.659   -0.396    6.259    6.985    7.519
            0.474995  0.341205  0.000000
  -17.435  -13.735   -7.307   -5.643   -0.394    6.331    6.996    7.543
            0.470828  0.349959  0.000000
  -17.421  -13.720   -7.381   -5.625   -0.392    6.413    7.011    7.571
            0.466660  0.358714  0.000000
  -17.405  -13.702   -7.464   -5.603   -0.390    6.501    7.031    7.603
            0.462492  0.367469  0.000000
  -17.387  -13.682   -7.557   -5.579   -0.388    6.592    7.062    7.638
            0.458325  0.376224  0.000000
  -17.366  -13.660   -7.659   -5.551   -0.387    6.679    7.107    7.677
            0.454157  0.384979  0.000000
  -17.344  -13.636   -7.769   -5.521   -0.385    6.753    7.174    7.719
            0.449990  0.393734  0.000000
  -17.319  -13.609   -7.886   -5.489   -0.384    6.809    7.269    7.765
            0.445823  0.402489  0.000000
  -17.292  -13.580   -8.011   -5.453   -0.383    6.848    7.387    7.814
            0.441655  0.411244  0.000000
  -17.263  -13.549   -8.142   -5.414   -0.383    6.873    7.524    7.866
            0.437487  0.419998  0.000000
  -17.231  -13.516   -8.279   -5.373   -0.384    6.889    7.672    7.921
            0.433320  0.428753  0.000000
  -17.198  -13.480   -8.421   -5.329   -0.386    6.898    7.824    7.980
            0.429152  0.437508  0.000000
  -17.162  -13.443   -8.568   -5.282   -0.389    6.900    7.967    8.051
            0.424985  0.446263  0.000000
  -17.124  -13.403   -8.720   -5.232   -0.394    6.897    8.068    8.160
            0.420818  0.455018  0.000000
  -17.085  -13.362   -8.875   -5.180   -0.400    6.888    8.137    8.235
            0.416650  0.463773  0.000000
  -17.043  -13.318   -9.033   -5.124   -0.408    6.873    8.198    8.234
            0.412482  0.472528  0.000000
  -16.998  -13.273   -9.194   -5.066   -0.419    6.851    8.233    8.257
            0.408315  0.481283  0.000000
  -16.952  -13.226   -9.357   -5.006   -0.432    6.822    8.227    8.314
            0.404147  0.490038  0.000000
  -16.904  -13.178   -9.522   -4.942   -0.447    6.787    8.216    8.369
            0.399980  0.498792  0.000000
  -16.853  -13.128   -9.688   -4.876   -0.465    6.744    8.201    8.422
            0.395813  0.507547  0.000000
  -16.801  -13.077   -9.855   -4.807   -0.487    6.695    8.181    8.474
            0.391645  0.516302  0.000000
  -16.746  -13.025  -10.022   -4.736   -0.512    6.639    8.157    8.526
            0.387477  0.525057  0.000000
  -16.690  -12.972  -10.188   -4.662   -0.541    6.576    8.129    8.580
            0.383310  0.533812  0.000000
  -16.631  -12.919  -10.354   -4.585   -0.574    6.508    8.098    8.636
            0.379142  0.542567  0.000000
  -16.570  -12.867  -10.517   -4.506   -0.611    6.435    8.066    8.695
            0.374975  0.551322  0.000000
  -16.507  -12.816  -10.678   -4.424   -0.652    6.358    8.033    8.758
            0.370808  0.560077  0.000000
  -16.443  -12.768  -10.833   -4.340   -0.697    6.276    8.001    8.825
            0.366640  0.568831  0.000000
  -16.376  -12.724  -10.983   -4.254   -0.748    6.191    7.970    8.895
            0.362472  0.577586  0.000000
  -16.307  -12.686  -11.123   -4.165   -0.803    6.103    7.942    8.969
            0.358305  0.586341  0.000000
  -16.237  -12.659  -11.251   -4.074   -0.862    6.012    7.917    9.047
            0.354137  0.595096  0.000000
  -16.165  -12.647  -11.361   -3.981   -0.927    5.920    7.896    9.127
            0.349970  0.603851  0.000000
  -16.090  -12.656  -11.448   -3.885   -0.996    5.825    7.880    9.210
            0.345803  0.612606  0.000000
  -16.015  -12.689  -11.507   -3.788   -1.069    5.730    7.869    9.294
            0.341635  0.621361  0.000000
  -15.938  -12.748  -11.536   -3.689   -1.147    5.633    7.864    9.377
            0.337467  0.630116  0.000000
  -15.859  -12.832  -11.538   -3.589   -1.229    5.536    7.864    9.459
            0.333300  0.638871  0.000000
  -15.779  -12.937  -11.515   -3.488   -1.314    5.437    7.871    9.535
            0.324968  0.622899  0.000000
  -15.824  -12.856  -11.546   -3.543   -1.266    5.377    7.884    9.636
            0.316635  0.606927  0.000000
  -15.889  -12.793  -11.523   -3.627   -1.191    5.305    7.908    9.433
            0.308302  0.590955  0.000000
  -15.975  -12.740  -11.450   -3.738   -1.092    5.225    7.938    9.103
            0.299970  0.574983  0.000000
  -16.081  -12.688  -11.338   -3.872   -0.969    5.138    7.963    8.742
            0.291637  0.559012  0.000000
  -16.207  -12.628  -11.195   -4.027   -0.826    5.047    7.969    8.372
            0.283305  0.543040  0.000000
  -16.350  -12.556  -11.031   -4.197   -0.664    4.954    7.936    8.001
            0.274973  0.527068  0.000000
  -16.507  -12.466  -10.851   -4.380   -0.487    4.859    7.633    7.842
            0.266640  0.511096  0.000000
  -16.675  -12.360  -10.658   -4.573   -0.296    4.764    7.271    7.679
            0.258308  0.495125  0.000000
  -16.852  -12.237  -10.457   -4.772   -0.094    4.669    6.917    7.459
            0.249975  0.479153  0.000000
  -17.034  -12.097  -10.249   -4.975    0.120    4.576    6.572    7.202
            0.241643  0.463181  0.000000
  -17.220  -11.943  -10.035   -5.182    0.342    4.483    6.237    6.926
            0.233310  0.447209  0.000000
  -17.407  -11.774   -9.818   -5.389    0.573    4.393    5.912    6.640
            0.224977  0.431238  0.000000
  -17.594  -11.593   -9.597   -5.596    0.812    4.304    5.598    6.354
            0.216645  0.415266  0.000000
  -17.780  -11.399   -9.374   -5.802    1.057    4.216    5.295    6.071
            0.208313  0.399294  0.000000
  -17.964  -11.194   -9.150   -6.005    1.308    4.130    5.005    5.793
            0.199980  0.383322  0.000000
  -18.143  -10.979   -8.926   -6.205    1.563    4.043    4.728    5.523
            0.191647  0.367351  0.000000
  -18.319  -10.754   -8.703   -6.400    1.822    3.952    4.467    5.263
            0.183315  0.351379  0.000000
  -18.490  -10.520   -8.481   -6.590    2.084    3.853    4.227    5.012
            0.174983  0.335407  0.000000
  -18.655  -10.277   -8.261   -6.775    2.347    3.731    4.022    4.773
            0.166650  0.319435  0.000000
  -18.815  -10.027   -8.045   -6.954    2.608    3.570    3.865    4.547
            0.158317  0.303464  0.000000
  -18.968   -9.769   -7.833   -7.126    2.865    3.381    3.746    4.336
            0.149985  0.287492  0.000000
  -19.115   -9.505   -7.625   -7.291    3.110    3.183    3.643    4.148
            0.141652  0.271520  0.000000
  -19.255   -9.234   -7.449   -7.424    2.988    3.320    3.542    4.003
            0.133320  0.255548  0.000000
  -19.387   -8.959   -7.599   -7.229    2.801    3.426    3.436    3.971
            0.124988  0.239576  0.000000
  -19.513   -8.680   -7.742   -7.041    2.624    3.321    3.375    3.932
            0.116655  0.223605  0.000000
  -19.631   -8.397   -7.876   -6.862    2.456    3.194    3.254    3.762
            0.108323  0.207633  0.000000
  -19.741   -8.112   -8.001   -6.692    2.300    3.053    3.118    3.602
            0.099990  0.191661  0.000000
  -19.844   -8.118   -7.826   -6.531    2.154    2.895    2.984    3.454
            0.091657  0.175689  0.000000
  -19.939   -8.227   -7.542   -6.381    2.019    2.721    2.857    3.316
            0.083325  0.159718  0.000000
  -20.025   -8.326   -7.260   -6.242    1.895    2.532    2.739    3.190
            0.074992  0.143746  0.000000
  -20.104   -8.416   -6.984   -6.114    1.781    2.329    2.632    3.075
            0.066660  0.127774  0.000000
  -20.175   -8.497   -6.716   -5.998    1.677    2.120    2.535    2.972
            0.058327  0.111802  0.000000
  -20.237   -8.569   -6.461   -5.895    1.580    1.911    2.449    2.881
            0.049995  0.095831  0.000000
  -20.292   -8.631   -6.223   -5.802    1.483    1.718    2.374    2.803
            0.041662  0.079859  0.000000
  -20.338   -8.684   -6.009   -5.720    1.368    1.566    2.311    2.736
            0.033330  0.063887  0.000000
  -20.375   -8.727   -5.830   -5.644    1.228    1.470    2.259    2.682
            0.024998  0.047915  0.000000
  -20.405   -8.761   -5.703   -5.563    1.091    1.412    2.219    2.640
            0.016665  0.031944  0.000000
  -20.426   -8.785   -5.634   -5.477    0.981    1.376    2.190    2.610
            0.008332  0.015972  0.000000
  -20.438   -8.800   -5.602   -5.413    0.911    1.355    2.173    2.592
            0.000000  0.000000  0.000000
  -20.442   -8.804   -5.592   -5.391    0.886    1.348    2.167    2.586
