 &plot nbnd=   8, nks=   121 /
            0.000000  0.000000  0.000000
  -21.277   -9.362   -4.741   -4.741    1.511    2.395    2.785    4.697
            0.012500  0.007217  0.000000
  -21.273   -9.358   -4.757   -4.749    1.516    2.400    2.790    4.702
            0.025000  0.014434  0.000000
  -21.262   -9.344   -4.803   -4.774    1.531    2.415    2.805    4.717
            0.037500  0.021651  0.000000
  -21.244   -9.322   -4.879   -4.814    1.557    2.440    2.831    4.742
            0.050000  0.028868  0.000000
  -21.218   -9.291   -4.984   -4.870    1.592    2.476    2.867    4.778
            0.062500  0.036084  0.000000
  -21.184   -9.251   -5.117   -4.939    1.637    2.522    2.913    4.823
            0.075000  0.043301  0.000000
  -21.144   -9.202   -5.275   -5.021    1.693    2.578    2.969    4.879
            0.087500  0.050518  0.000000
  -21.096   -9.145   -5.457   -5.115    1.759    2.644    3.036    4.944
            0.100000  0.057735  0.000000
  -21.040   -9.078   -5.662   -5.218    1.834    2.720    3.113    5.020
            0.112500  0.064952  0.000000
  -20.977   -9.003   -5.886   -5.330    1.920    2.807    3.200    5.106
            0.125000  0.072169  0.000000
  -20.907   -8.920   -6.127   -5.450    2.016    2.903    3.298    5.201
            0.137500  0.079386  0.000000
  -20.830   -8.827   -6.385   -5.575    2.122    3.010    3.405    5.307
            0.150000  0.086603  0.000000
  -20.745   -8.726   -6.657   -5.704    2.238    3.126    3.523    5.422
            0.162500  0.093819  0.000000
  -20.653   -8.617   -6.941   -5.836    2.364    3.253    3.651    5.547
            0.175000  0.101036  0.000000
  -20.553   -8.499   -7.235   -5.971    2.500    3.390    3.790    5.682
            0.187500  0.108253  0.000000
  -20.447   -8.373   -7.539   -6.106    2.646    3.536    3.938    5.826
            0.200000  0.115470  0.000000
  -20.333   -8.239   -7.850   -6.242    2.802    3.693    4.097    5.977
            0.212500  0.122687  0.000000
  -20.212   -8.167   -8.097   -6.376    2.969    3.859    4.266    6.128
            0.225000  0.129904  0.000000
  -20.084   -8.489   -7.946   -6.509    3.145    4.034    4.446    6.187
            0.237500  0.137121  0.000000
  -19.949   -8.816   -7.788   -6.640    3.331    4.218    4.635    5.934
            0.250000  0.144338  0.000000
  -19.807   -9.145   -7.623   -6.767    3.527    4.407    4.835    5.614
            0.262500  0.151554  0.000000
  -19.658   -9.477   -7.450   -6.891    3.733    4.593    5.044    5.295
            0.275000  0.158771  0.000000
  -19.502   -9.809   -7.270   -7.011    3.949    4.700    5.059    5.264
            0.287500  0.165988  0.000000
  -19.339  -10.142   -7.127   -7.083    4.174    4.496    5.142    5.492
            0.300000  0.173205  0.000000
  -19.169  -10.476   -7.238   -6.890    4.170    4.409    5.353    5.729
            0.312500  0.180422  0.000000
  -18.992  -10.808   -7.343   -6.691    3.827    4.654    5.592    5.965
            0.325000  0.187639  0.000000
  -18.809  -11.139   -7.443   -6.486    3.481    4.908    5.844    6.098
            0.337500  0.194856  0.000000
  -18.620  -11.467   -7.537   -6.277    3.135    5.169    6.083    6.109
            0.350000  0.202073  0.000000
  -18.424  -11.794   -7.625   -6.064    2.792    5.437    6.054    6.384
            0.362500  0.209290  0.000000
  -18.221  -12.117   -7.706   -5.848    2.454    5.698    6.041    6.669
            0.375000  0.216506  0.000000
  -18.013  -12.437   -7.781   -5.630    2.122    5.873    6.125    6.965
            0.387500  0.223723  0.000000
  -17.799  -12.752   -7.849   -5.412    1.800    5.893    6.376    7.269
            0.400000  0.230940  0.000000
  -17.580  -13.063   -7.911   -5.196    1.490    5.876    6.676    7.584
            0.412500  0.238157  0.000000
  -17.356  -13.368   -7.966   -4.985    1.195    5.854    6.994    7.907
            0.425000  0.245374  0.000000
  -17.129  -13.666   -8.013   -4.782    0.918    5.832    7.323    8.240
            0.437500  0.252591  0.000000
  -16.899  -13.957   -8.053   -4.592    0.665    5.814    7.662    8.581
            0.450000  0.259808  0.000000
  -16.669  -14.236   -8.087   -4.420    0.442    5.798    8.011    8.930
            0.462500  0.267025  0.000000
  -16.444  -14.499   -8.112   -4.274    0.255    5.785    8.369    9.288
            0.475000  0.274241  0.000000
  -16.237  -14.734   -8.131   -4.162    0.114    5.776    8.734    9.651
            0.487500  0.281458  0.000000
  -16.072  -14.915   -8.142   -4.090    0.025    5.771    9.106    9.891
            0.500000  0.288675  0.000000
  -16.005  -14.988   -8.146   -4.066   -0.006    5.769    9.422    9.568
            0.495833  0.295892  0.000000
  -16.004  -14.987   -8.151   -4.064   -0.006    5.776    9.423    9.570
            0.491667  0.303109  0.000000
  -16.000  -14.984   -8.168   -4.060   -0.007    5.799    9.428    9.574
            0.487500  0.310326  0.000000
  -15.995  -14.979   -8.196   -4.052   -0.009    5.836    9.435    9.582
            0.483333  0.317543  0.000000
  -15.988  -14.971   -8.234   -4.041   -0.011    5.889    9.445    9.593
            0.479167  0.324760  0.000000
  -15.978  -14.962   -8.283   -4.028   -0.014    5.955    9.458    9.607
            0.475000  0.331976  0.000000
  -15.967  -14.950   -8.343   -4.011   -0.018    6.036    9.475    9.624
            0.470833  0.339193  0.000000
  -15.953  -14.937   -8.412   -3.992   -0.024    6.130    9.493    9.644
            0.466667  0.346410  0.000000
  -15.937  -14.921   -8.490   -3.969   -0.030    6.237    9.515    9.667
            0.462500  0.353627  0.000000
  -15.919  -14.903   -8.578   -3.943   -0.037    6.357    9.540    9.694
            0.458333  0.360844  0.000000
  -15.899  -14.884   -8.673   -3.915   -0.045    6.489    9.567    9.723
            0.454167  0.368061  0.000000
  -15.877  -14.862   -8.777   -3.883   -0.055    6.632    9.598    9.756
            0.450000  0.375278  0.000000
  -15.853  -14.838   -8.887   -3.849   -0.066    6.786    9.631    9.791
            0.445833  0.382494  0.000000
  -15.826  -14.813   -9.005   -3.811   -0.079    6.951    9.667    9.830
            0.441667  0.389711  0.000000
  -15.798  -14.785   -9.128   -3.770   -0.094    7.124    9.705    9.871
            0.437500  0.396928  0.000000
  -15.767  -14.756   -9.257   -3.727   -0.110    7.306    9.746    9.915
            0.433333  0.404145  0.000000
  -15.734  -14.725   -9.392   -3.680   -0.129    7.497    9.790    9.963
            0.429167  0.411362  0.000000
  -15.699  -14.692   -9.530   -3.631   -0.151    7.694    9.837   10.013
            0.425000  0.418579  0.000000
  -15.663  -14.658   -9.673   -3.578   -0.175    7.898    9.885   10.054
            0.420833  0.425796  0.000000
  -15.624  -14.622   -9.818   -3.523   -0.201    8.108    9.937    9.999
            0.416666  0.433013  0.000000
  -15.582  -14.585   -9.967   -3.464   -0.231    8.323    9.938    9.990
            0.412500  0.440229  0.000000
  -15.539  -14.547  -10.118   -3.403   -0.264    8.542    9.872   10.046
            0.408333  0.447446  0.000000
  -15.494  -14.507  -10.271   -3.338   -0.300    8.765    9.803   10.104
            0.404166  0.454663  0.000000
  -15.446  -14.467  -10.425   -3.271   -0.340    8.990    9.731   10.164
            0.400000  0.461880  0.000000
  -15.397  -14.426  -10.580   -3.201   -0.383    9.216    9.657   10.225
            0.395833  0.469097  0.000000
  -15.345  -14.384  -10.735   -3.128   -0.431    9.442    9.583   10.289
            0.391666  0.476314  0.000000
  -15.292  -14.343  -10.889   -3.052   -0.483    9.510    9.667   10.354
            0.387500  0.483531  0.000000
  -15.236  -14.302  -11.042   -2.973   -0.539    9.438    9.887   10.420
            0.383333  0.490747  0.000000
  -15.178  -14.262  -11.192   -2.891   -0.600    9.369   10.102   10.487
            0.379166  0.497964  0.000000
  -15.118  -14.224  -11.340   -2.806   -0.665    9.303   10.306   10.555
            0.375000  0.505181  0.000000
  -15.056  -14.189  -11.484   -2.719   -0.735    9.241   10.494   10.624
            0.370833  0.512398  0.000000
  -14.992  -14.157  -11.622   -2.628   -0.810    9.184   10.661   10.693
            0.366666  0.519615  0.000000
  -14.926  -14.131  -11.753   -2.535   -0.889    9.133   10.761   10.803
            0.362500  0.526832  0.000000
  -14.857  -14.111  -11.876   -2.439   -0.973    9.087   10.829   10.920
            0.358333  0.534049  0.000000
  -14.787  -14.100  -11.987   -2.340   -1.062    9.047   10.896   11.017
            0.354166  0.541265  0.000000
  -14.715  -14.100  -12.085   -2.239   -1.156    9.013   10.960   11.099
            0.350000  0.548482  0.000000
  -14.640  -14.113  -12.168   -2.134   -1.254    8.985   11.023   11.167
            0.345833  0.555699  0.000000
  -14.564  -14.141  -12.234   -2.027   -1.356    8.964   11.083   11.221
            0.341666  0.562916  0.000000
  -14.485  -14.185  -12.280   -1.917   -1.463    8.949   11.139   11.255
            0.337500  0.570133  0.000000
  -14.404  -14.246  -12.308   -1.804   -1.574    8.941   11.191   11.264
            0.333333  0.577350  0.000000
  -14.322  -14.322  -12.317   -1.689   -1.689    8.938   11.238   11.238
            0.325000  0.562916  0.000000
  -14.515  -14.150  -12.285   -1.929   -1.450    8.948   11.069   11.316
            0.316666  0.548482  0.000000
  -14.749  -13.971  -12.200   -2.183   -1.201    8.976   10.771   11.369
            0.308333  0.534049  0.000000
  -15.009  -13.783  -12.077   -2.448   -0.941    9.015   10.400   11.396
            0.300000  0.519615  0.000000
  -15.285  -13.588  -11.925   -2.721   -0.671    9.054    9.995   11.398
            0.291666  0.505181  0.000000
  -15.568  -13.384  -11.753   -3.002   -0.391    9.075    9.577   11.106
            0.283333  0.490747  0.000000
  -15.854  -13.173  -11.565   -3.288   -0.102    9.054    9.154   10.653
            0.275000  0.476314  0.000000
  -16.140  -12.954  -11.363   -3.577    0.197    8.734    8.962   10.206
            0.266666  0.461880  0.000000
  -16.423  -12.727  -11.150   -3.867    0.505    8.320    8.783    9.769
            0.258333  0.447446  0.000000
  -16.703  -12.493  -10.928   -4.158    0.821    7.914    8.529    9.343
            0.250000  0.433012  0.000000
  -16.977  -12.252  -10.698   -4.448    1.146    7.517    8.228    8.929
            0.241666  0.418579  0.000000
  -17.246  -12.003  -10.461   -4.735    1.479    7.131    7.902    8.529
            0.233333  0.404145  0.000000
  -17.508  -11.747  -10.217   -5.018    1.819    6.756    7.565    8.141
            0.225000  0.389711  0.000000
  -17.763  -11.485   -9.969   -5.297    2.166    6.392    7.228    7.766
            0.216666  0.375277  0.000000
  -18.011  -11.216   -9.715   -5.570    2.520    6.041    6.894    7.405
            0.208333  0.360844  0.000000
  -18.251  -10.940   -9.458   -5.837    2.879    5.702    6.568    7.057
            0.200000  0.346410  0.000000
  -18.482  -10.659   -9.197   -6.098    3.243    5.376    6.250    6.723
            0.191666  0.331976  0.000000
  -18.706  -10.372   -8.935   -6.350    3.611    5.063    5.943    6.402
            0.183333  0.317542  0.000000
  -18.920  -10.080   -8.671   -6.595    3.982    4.762    5.646    6.094
            0.175000  0.303109  0.000000
  -19.126   -9.782   -8.406   -6.831    4.356    4.474    5.362    5.800
            0.166666  0.288675  0.000000
  -19.324   -9.481   -8.142   -7.058    4.200    4.731    5.089    5.520
            0.158333  0.274241  0.000000
  -19.512   -9.176   -7.879   -7.276    3.938    4.829    5.106    5.254
            0.150000  0.259807  0.000000
  -19.691   -8.868   -7.619   -7.485    3.690    4.581    5.001    5.480
            0.141667  0.245374  0.000000
  -19.861   -8.558   -7.683   -7.362    3.455    4.347    4.761    5.851
            0.133333  0.230940  0.000000
  -20.021   -8.247   -7.871   -7.110    3.233    4.125    4.536    6.218
            0.125000  0.216506  0.000000
  -20.172   -8.048   -7.935   -6.864    3.025    3.916    4.324    6.204
            0.116667  0.202072  0.000000
  -20.314   -8.215   -7.625   -6.624    2.830    3.721    4.125    6.011
            0.108333  0.187639  0.000000
  -20.446   -8.371   -7.318   -6.394    2.648    3.539    3.941    5.831
            0.100000  0.173205  0.000000
  -20.568   -8.517   -7.015   -6.173    2.480    3.370    3.770    5.664
            0.091667  0.158771  0.000000
  -20.681   -8.651   -6.719   -5.963    2.325    3.214    3.612    5.510
            0.083333  0.144337  0.000000
  -20.784   -8.773   -6.431   -5.765    2.184    3.072    3.469    5.369
            0.075000  0.129904  0.000000
  -20.878   -8.884   -6.155   -5.582    2.056    2.944    3.339    5.242
            0.066667  0.115470  0.000000
  -20.961   -8.984   -5.893   -5.413    1.942    2.829    3.222    5.127
            0.058333  0.101036  0.000000
  -21.035   -9.073   -5.649   -5.261    1.841    2.727    3.120    5.027
            0.050000  0.086602  0.000000
  -21.099   -9.149   -5.426   -5.127    1.753    2.639    3.031    4.939
            0.041667  0.072169  0.000000
  -21.154   -9.214   -5.228   -5.011    1.679    2.564    2.956    4.865
            0.033333  0.057735  0.000000
  -21.198   -9.267   -5.059   -4.915    1.619    2.503    2.894    4.805
            0.025000  0.043301  0.000000
  -21.233   -9.309   -4.923   -4.840    1.572    2.456    2.846    4.758
            0.016667  0.028867  0.000000
  -21.257   -9.338   -4.823   -4.785    1.538    2.422    2.812    4.724
            0.008333  0.014434  0.000000
  -21.272   -9.356   -4.762   -4.752    1.518    2.401    2.792    4.704
            0.000000  0.000000  0.000000
  -21.277   -9.362   -4.741   -4.741    1.511    2.395    2.785    4.697
