 &plot nbnd=   8, nks=   121 /
            0.000000  0.000000  0.000000
  -20.924   -9.121   -5.313   -4.861    1.439    2.306    2.704    4.615
            0.012500  0.007217  0.000000
  -20.921   -9.118   -5.329   -4.868    1.444    2.311    2.709    4.620
            0.025000  0.014434  0.000000
  -20.911   -9.106   -5.378   -4.888    1.457    2.325    2.723    4.633
            0.037500  0.021651  0.000000
  -20.894   -9.087   -5.457   -4.920    1.480    2.347    2.745    4.656
            0.050000  0.028868  0.000000
  -20.871   -9.059   -5.567   -4.963    1.511    2.379    2.777    4.687
            0.062500  0.036084  0.000000
  -20.841   -9.025   -5.705   -5.017    1.551    2.419    2.818    4.727
            0.075000  0.043301  0.000000
  -20.805   -8.982   -5.870   -5.081    1.600    2.469    2.868    4.776
            0.087500  0.050518  0.000000
  -20.762   -8.932   -6.059   -5.153    1.658    2.527    2.927    4.834
            0.100000  0.057735  0.000000
  -20.713   -8.874   -6.268   -5.233    1.725    2.595    2.996    4.900
            0.112500  0.064952  0.000000
  -20.657   -8.809   -6.497   -5.320    1.801    2.671    3.073    4.976
            0.125000  0.072169  0.000000
  -20.595   -8.736   -6.741   -5.412    1.886    2.757    3.159    5.059
            0.137500  0.079386  0.000000
  -20.526   -8.655   -7.000   -5.509    1.980    2.851    3.255    5.151
            0.150000  0.086603  0.000000
  -20.450   -8.568   -7.271   -5.610    2.083    2.954    3.360    5.251
            0.162500  0.093819  0.000000
  -20.368   -8.472   -7.551   -5.713    2.195    3.066    3.474    5.358
            0.175000  0.101036  0.000000
  -20.280   -8.370   -7.840   -5.819    2.316    3.186    3.597    5.468
            0.187500  0.108253  0.000000
  -20.186   -8.260   -8.135   -5.925    2.446    3.315    3.729    5.567
            0.200000  0.115470  0.000000
  -20.085   -8.436   -8.144   -6.033    2.585    3.452    3.870    5.580
            0.212500  0.122687  0.000000
  -19.977   -8.741   -8.021   -6.139    2.733    3.595    4.021    5.390
            0.225000  0.129904  0.000000
  -19.864   -9.050   -7.890   -6.245    2.890    3.744    4.180    5.125
            0.237500  0.137121  0.000000
  -19.744   -9.360   -7.754   -6.350    3.055    3.892    4.349    4.848
            0.250000  0.144338  0.000000
  -19.619   -9.671   -7.611   -6.452    3.230    4.016    4.526    4.596
            0.262500  0.151554  0.000000
  -19.487   -9.983   -7.461   -6.552    3.413    4.006    4.480    4.713
            0.275000  0.158771  0.000000
  -19.349  -10.294   -7.306   -6.649    3.605    3.790    4.577    4.908
            0.287500  0.165988  0.000000
  -19.206  -10.604   -7.146   -6.742    3.504    3.805    4.750    5.113
            0.300000  0.173205  0.000000
  -19.056  -10.912   -6.980   -6.832    3.201    4.015    4.949    5.326
            0.312500  0.180422  0.000000
  -18.902  -11.219   -6.917   -6.810    2.893    4.233    5.163    5.547
            0.325000  0.187639  0.000000
  -18.742  -11.522   -6.999   -6.636    2.585    4.459    5.387    5.774
            0.337500  0.194856  0.000000
  -18.577  -11.822   -7.075   -6.458    2.279    4.694    5.623    5.998
            0.350000  0.202073  0.000000
  -18.407  -12.117   -7.147   -6.278    1.977    4.937    5.867    6.133
            0.362500  0.209290  0.000000
  -18.232  -12.408   -7.214   -6.096    1.681    5.187    6.121    6.140
            0.375000  0.216506  0.000000
  -18.054  -12.693   -7.275   -5.914    1.394    5.442    6.129    6.384
            0.387500  0.223723  0.000000
  -17.873  -12.972   -7.331   -5.733    1.116    5.698    6.124    6.655
            0.400000  0.230940  0.000000
  -17.690  -13.243   -7.382   -5.556    0.851    5.918    6.163    6.936
            0.412500  0.238157  0.000000
  -17.506  -13.505   -7.427   -5.384    0.600    6.002    6.347    7.224
            0.425000  0.245374  0.000000
  -17.323  -13.756   -7.466   -5.221    0.369    6.009    6.618    7.521
            0.437500  0.252591  0.000000
  -17.145  -13.991   -7.499   -5.071    0.160    6.003    6.912    7.827
            0.450000  0.259808  0.000000
  -16.975  -14.208   -7.526   -4.937   -0.021    5.995    7.218    8.140
            0.462500  0.267025  0.000000
  -16.822  -14.398   -7.548   -4.825   -0.171    5.988    7.532    8.461
            0.475000  0.274241  0.000000
  -16.696  -14.551   -7.563   -4.741   -0.282    5.982    7.853    8.789
            0.487500  0.281458  0.000000
  -16.610  -14.652   -7.572   -4.688   -0.352    5.979    8.174    8.891
            0.500000  0.288675  0.000000
  -16.580  -14.688   -7.575   -4.669   -0.375    5.978    8.414    8.647
            0.495833  0.296468  0.000000
  -16.579  -14.687   -7.581   -4.668   -0.375    5.985    8.415    8.649
            0.491665  0.304261  0.000000
  -16.575  -14.683   -7.598   -4.663   -0.376    6.008    8.418    8.654
            0.487497  0.312053  0.000000
  -16.570  -14.678   -7.627   -4.656   -0.376    6.046    8.424    8.663
            0.483330  0.319846  0.000000
  -16.562  -14.670   -7.667   -4.646   -0.377    6.099    8.432    8.676
            0.479162  0.327639  0.000000
  -16.553  -14.661   -7.719   -4.632   -0.378    6.167    8.442    8.693
            0.474995  0.335432  0.000000
  -16.541  -14.649   -7.780   -4.616   -0.379    6.249    8.455    8.712
            0.470828  0.343224  0.000000
  -16.527  -14.635   -7.852   -4.597   -0.381    6.344    8.470    8.736
            0.466660  0.351017  0.000000
  -16.511  -14.619   -7.934   -4.575   -0.383    6.453    8.487    8.763
            0.462492  0.358810  0.000000
  -16.492  -14.600   -8.025   -4.550   -0.386    6.574    8.507    8.793
            0.458325  0.366602  0.000000
  -16.472  -14.580   -8.124   -4.521   -0.390    6.707    8.529    8.827
            0.454157  0.374395  0.000000
  -16.449  -14.558   -8.232   -4.490   -0.394    6.851    8.553    8.864
            0.449990  0.382188  0.000000
  -16.424  -14.533   -8.347   -4.456   -0.400    7.006    8.580    8.904
            0.445823  0.389981  0.000000
  -16.398  -14.507   -8.469   -4.420   -0.406    7.170    8.610    8.947
            0.441655  0.397773  0.000000
  -16.368  -14.479   -8.597   -4.380   -0.414    7.344    8.641    8.994
            0.437487  0.405566  0.000000
  -16.337  -14.448   -8.731   -4.337   -0.423    7.525    8.676    9.043
            0.433320  0.413359  0.000000
  -16.304  -14.416   -8.870   -4.291   -0.434    7.713    8.713    9.096
            0.429152  0.421152  0.000000
  -16.268  -14.382   -9.013   -4.243   -0.446    7.907    8.752    9.152
            0.424985  0.428944  0.000000
  -16.231  -14.347   -9.161   -4.191   -0.461    8.105    8.795    9.211
            0.420818  0.436737  0.000000
  -16.191  -14.310   -9.312   -4.137   -0.477    8.305    8.843    9.273
            0.416650  0.444530  0.000000
  -16.149  -14.271   -9.466   -4.080   -0.496    8.503    8.899    9.334
            0.412482  0.452323  0.000000
  -16.105  -14.231   -9.622   -4.020   -0.518    8.685    8.973    9.296
            0.408315  0.460115  0.000000
  -16.059  -14.189   -9.780   -3.957   -0.543    8.827    9.087    9.252
            0.404147  0.467908  0.000000
  -16.011  -14.147   -9.940   -3.891   -0.570    8.920    9.204    9.247
            0.399980  0.475701  0.000000
  -15.960  -14.103  -10.101   -3.822   -0.601    8.985    9.151    9.421
            0.395813  0.483493  0.000000
  -15.908  -14.059  -10.262   -3.751   -0.636    9.039    9.095    9.571
            0.391645  0.491286  0.000000
  -15.853  -14.014  -10.422   -3.677   -0.674    9.037    9.088    9.686
            0.387477  0.499079  0.000000
  -15.797  -13.970  -10.582   -3.600   -0.716    8.977    9.133    9.781
            0.383310  0.506872  0.000000
  -15.738  -13.926  -10.740   -3.520   -0.762    8.918    9.175    9.868
            0.379142  0.514664  0.000000
  -15.677  -13.882  -10.896   -3.438   -0.813    8.860    9.214    9.951
            0.374975  0.522457  0.000000
  -15.615  -13.841  -11.048   -3.352   -0.867    8.804    9.248   10.033
            0.370808  0.530250  0.000000
  -15.550  -13.803  -11.195   -3.265   -0.927    8.751    9.279   10.113
            0.366640  0.538043  0.000000
  -15.483  -13.768  -11.337   -3.174   -0.990    8.701    9.304   10.192
            0.362472  0.545835  0.000000
  -15.415  -13.739  -11.471   -3.081   -1.059    8.656    9.323   10.269
            0.358305  0.553628  0.000000
  -15.344  -13.717  -11.595   -2.986   -1.131    8.616    9.336   10.343
            0.354137  0.561421  0.000000
  -15.272  -13.704  -11.707   -2.888   -1.208    8.581    9.342   10.414
            0.349970  0.569213  0.000000
  -15.198  -13.703  -11.805   -2.788   -1.290    8.552    9.340   10.480
            0.345803  0.577006  0.000000
  -15.123  -13.715  -11.886   -2.686   -1.375    8.528    9.331   10.540
            0.341635  0.584799  0.000000
  -15.046  -13.744  -11.947   -2.583   -1.463    8.511    9.315   10.593
            0.337467  0.592592  0.000000
  -14.969  -13.788  -11.989   -2.479   -1.554    8.500    9.292   10.637
            0.333300  0.600384  0.000000
  -14.892  -13.847  -12.010   -2.377   -1.645    8.495    9.261   10.670
            0.324968  0.585375  0.000000
  -14.933  -13.828  -11.979   -2.446   -1.580    8.506    9.204   10.521
            0.316635  0.570365  0.000000
  -15.041  -13.768  -11.902   -2.605   -1.428    8.532    9.122   10.244
            0.308302  0.555356  0.000000
  -15.207  -13.669  -11.788   -2.810   -1.229    8.566    9.018    9.900
            0.299970  0.540346  0.000000
  -15.411  -13.537  -11.646   -3.040   -1.005    8.598    8.891    9.530
            0.291637  0.525336  0.000000
  -15.640  -13.383  -11.484   -3.284   -0.764    8.611    8.734    9.165
            0.283305  0.510327  0.000000
  -15.882  -13.210  -11.305   -3.537   -0.511    8.512    8.582    8.853
            0.274973  0.495317  0.000000
  -16.132  -13.024  -11.113   -3.795   -0.246    8.198    8.488    8.628
            0.266640  0.480307  0.000000
  -16.385  -12.826  -10.910   -4.057    0.029    7.837    8.315    8.451
            0.258308  0.465298  0.000000
  -16.638  -12.618  -10.698   -4.321    0.312    7.466    8.075    8.287
            0.249975  0.450288  0.000000
  -16.888  -12.400  -10.478   -4.584    0.604    7.098    7.793    8.125
            0.241643  0.435279  0.000000
  -17.135  -12.173  -10.251   -4.846    0.903    6.737    7.488    7.956
            0.233310  0.420269  0.000000
  -17.378  -11.938  -10.018   -5.106    1.210    6.385    7.173    7.721
            0.224977  0.405259  0.000000
  -17.615  -11.695   -9.781   -5.361    1.522    6.044    6.858    7.393
            0.216645  0.390250  0.000000
  -17.845  -11.445   -9.539   -5.612    1.841    5.713    6.545    7.058
            0.208313  0.375240  0.000000
  -18.069  -11.188   -9.294   -5.858    2.165    5.394    6.239    6.733
            0.199980  0.360231  0.000000
  -18.286  -10.925   -9.047   -6.098    2.492    5.087    5.941    6.418
            0.191647  0.345221  0.000000
  -18.496  -10.655   -8.798   -6.331    2.824    4.791    5.653    6.116
            0.183315  0.330211  0.000000
  -18.697  -10.380   -8.549   -6.556    3.157    4.507    5.376    5.826
            0.174983  0.315202  0.000000
  -18.891  -10.100   -8.299   -6.775    3.492    4.236    5.110    5.549
            0.166650  0.300192  0.000000
  -19.077   -9.814   -8.050   -6.985    3.825    3.977    4.858    5.285
            0.158317  0.285183  0.000000
  -19.254   -9.525   -7.803   -7.186    3.730    4.148    4.627    5.034
            0.149985  0.270173  0.000000
  -19.423   -9.233   -7.559   -7.379    3.496    4.309    4.568    4.795
            0.141652  0.255163  0.000000
  -19.583   -8.938   -7.562   -7.319    3.274    4.131    4.569    4.858
            0.133320  0.240154  0.000000
  -19.735   -8.642   -7.737   -7.084    3.065    3.929    4.356    5.177
            0.124988  0.225144  0.000000
  -19.878   -8.345   -7.901   -6.855    2.868    3.735    4.156    5.488
            0.116655  0.210135  0.000000
  -20.012   -8.056   -8.049   -6.634    2.684    3.553    3.969    5.733
            0.108323  0.195125  0.000000
  -20.137   -8.201   -7.755   -6.420    2.513    3.382    3.795    5.662
            0.099990  0.180115  0.000000
  -20.252   -8.336   -7.465   -6.216    2.354    3.224    3.633    5.516
            0.091657  0.165106  0.000000
  -20.359   -8.460   -7.181   -6.022    2.208    3.078    3.485    5.375
            0.083325  0.150096  0.000000
  -20.457   -8.574   -6.906   -5.840    2.074    2.944    3.349    5.244
            0.074992  0.135086  0.000000
  -20.545   -8.677   -6.641   -5.670    1.954    2.823    3.227    5.126
            0.066660  0.120077  0.000000
  -20.625   -8.770   -6.391   -5.514    1.846    2.715    3.117    5.019
            0.058327  0.105067  0.000000
  -20.695   -8.852   -6.158   -5.372    1.750    2.619    3.020    4.925
            0.049995  0.090058  0.000000
  -20.755   -8.923   -5.946   -5.246    1.668    2.536    2.936    4.843
            0.041662  0.075048  0.000000
  -20.807   -8.984   -5.760   -5.135    1.598    2.466    2.866    4.773
            0.033330  0.060038  0.000000
  -20.849   -9.033   -5.602   -5.041    1.541    2.409    2.808    4.717
            0.024998  0.045029  0.000000
  -20.882   -9.072   -5.477   -4.964    1.496    2.364    2.762    4.672
            0.016665  0.030019  0.000000
  -20.905   -9.099   -5.386   -4.908    1.465    2.332    2.730    4.641
            0.008332  0.015010  0.000000
  -20.919   -9.116   -5.331   -4.873    1.446    2.313    2.711    4.622
            0.000000  0.000000  0.000000
  -20.924   -9.121   -5.313   -4.861    1.439    2.306    2.704    4.615
