 &plot nbnd=   8, nks=   441 /
            0.283333  0.503834  0.000000
  -15.854  -13.225  -11.399   -3.445   -0.394    8.728    8.787    9.588
            0.283333  0.509839  0.000000
  -15.770  -13.276  -11.468   -3.359   -0.477    8.740    8.905    9.580
            0.283333  0.515843  0.000000
  -15.685  -13.329  -11.533   -3.272   -0.561    8.747    9.019    9.577
            0.283333  0.521848  0.000000
  -15.601  -13.385  -11.593   -3.185   -0.644    8.750    9.127    9.581
            0.283333  0.527852  0.000000
  -15.516  -13.443  -11.649   -3.099   -0.727    8.749    9.223    9.598
            0.283333  0.533857  0.000000
  -15.431  -13.504  -11.699   -3.013   -0.809    8.747    9.299    9.636
            0.283333  0.539861  0.000000
  -15.346  -13.567  -11.745   -2.928   -0.891    8.743    9.347    9.701
            0.283333  0.545866  0.000000
  -15.261  -13.633  -11.785   -2.844   -0.972    8.738    9.373    9.790
            0.283333  0.551870  0.000000
  -15.176  -13.702  -11.820   -2.761   -1.052    8.732    9.385    9.893
            0.283333  0.557874  0.000000
  -15.092  -13.773  -11.850   -2.681   -1.129    8.727    9.389   10.002
            0.283333  0.563879  0.000000
  -15.007  -13.846  -11.875   -2.603   -1.204    8.721    9.390   10.113
            0.283333  0.569883  0.000000
  -14.924  -13.921  -11.895   -2.529   -1.275    8.717    9.389   10.224
            0.283333  0.575888  0.000000
  -14.841  -13.998  -11.910   -2.461   -1.341    8.714    9.388   10.332
            0.283333  0.581892  0.000000
  -14.759  -14.076  -11.919   -2.400   -1.399    8.711    9.387   10.436
            0.283333  0.587897  0.000000
  -14.680  -14.155  -11.924   -2.351   -1.446    8.710    9.385   10.532
            0.283333  0.593901  0.000000
  -14.604  -14.231  -11.925   -2.317   -1.478    8.711    9.384   10.616
            0.283333  0.599906  0.000000
  -14.539  -14.299  -11.920   -2.301   -1.491    8.713    9.384   10.678
            0.283333  0.605910  0.000000
  -14.511  -14.332  -11.912   -2.307   -1.484    8.716    9.385   10.694
            0.283333  0.611914  0.000000
  -14.549  -14.301  -11.898   -2.332   -1.457    8.721    9.386   10.644
            0.283333  0.617919  0.000000
  -14.621  -14.238  -11.880   -2.374   -1.413    8.727    9.387   10.549
            0.283333  0.623923  0.000000
  -14.702  -14.167  -11.858   -2.429   -1.357    8.734    9.390   10.434
            0.288333  0.506721  0.000000
  -15.780  -13.294  -11.438   -3.372   -0.474    8.745    8.902    9.686
            0.288333  0.512726  0.000000
  -15.696  -13.342  -11.508   -3.285   -0.556    8.750    9.019    9.680
            0.288333  0.518730  0.000000
  -15.613  -13.392  -11.574   -3.199   -0.639    8.752    9.131    9.678
            0.288333  0.524735  0.000000
  -15.529  -13.444  -11.636   -3.112   -0.721    8.750    9.236    9.685
            0.288333  0.530739  0.000000
  -15.445  -13.499  -11.692   -3.026   -0.803    8.746    9.328    9.706
            0.288333  0.536743  0.000000
  -15.361  -13.557  -11.744   -2.940   -0.885    8.740    9.398    9.748
            0.288333  0.542748  0.000000
  -15.277  -13.617  -11.790   -2.855   -0.966    8.733    9.443    9.817
            0.288333  0.548752  0.000000
  -15.193  -13.680  -11.831   -2.771   -1.047    8.726    9.467    9.906
            0.288333  0.554757  0.000000
  -15.109  -13.746  -11.866   -2.688   -1.126    8.719    9.478   10.007
            0.288333  0.560761  0.000000
  -15.026  -13.815  -11.896   -2.608   -1.204    8.712    9.483   10.114
            0.288333  0.566766  0.000000
  -14.943  -13.886  -11.920   -2.529   -1.279    8.706    9.484   10.222
            0.288333  0.572770  0.000000
  -14.861  -13.959  -11.939   -2.455   -1.350    8.701    9.484   10.328
            0.288333  0.578775  0.000000
  -14.780  -14.034  -11.953   -2.387   -1.415    8.697    9.483   10.431
            0.288333  0.584779  0.000000
  -14.700  -14.110  -11.962   -2.328   -1.472    8.695    9.482   10.527
            0.288333  0.590783  0.000000
  -14.621  -14.188  -11.965   -2.281   -1.516    8.695    9.481   10.614
            0.288333  0.596788  0.000000
  -14.547  -14.264  -11.964   -2.252   -1.543    8.695    9.481   10.684
            0.288333  0.602792  0.000000
  -14.485  -14.330  -11.957   -2.246   -1.547    8.698    9.481   10.725
            0.288333  0.608797  0.000000
  -14.482  -14.339  -11.946   -2.263   -1.528    8.702    9.482   10.712
            0.288333  0.614801  0.000000
  -14.547  -14.283  -11.929   -2.300   -1.490    8.708    9.484   10.643
            0.288333  0.620806  0.000000
  -14.627  -14.214  -11.908   -2.352   -1.436    8.715    9.486   10.541
            0.288333  0.626810  0.000000
  -14.711  -14.143  -11.883   -2.415   -1.371    8.723    9.489   10.426
            0.293333  0.509608  0.000000
  -15.707  -13.362  -11.475   -3.300   -0.552    8.757    9.018    9.779
            0.293333  0.515612  0.000000
  -15.624  -13.407  -11.546   -3.213   -0.633    8.757    9.132    9.774
            0.293333  0.521617  0.000000
  -15.541  -13.453  -11.613   -3.127   -0.715    8.754    9.242    9.775
            0.293333  0.527621  0.000000
  -15.458  -13.503  -11.675   -3.041   -0.796    8.748    9.343    9.785
            0.293333  0.533626  0.000000
  -15.375  -13.555  -11.732   -2.955   -0.878    8.740    9.429    9.810
            0.293333  0.539630  0.000000
  -15.292  -13.609  -11.784   -2.869   -0.959    8.732    9.493    9.858
            0.293333  0.545635  0.000000
  -15.210  -13.666  -11.831   -2.784   -1.040    8.723    9.533    9.930
            0.293333  0.551639  0.000000
  -15.127  -13.727  -11.872   -2.700   -1.120    8.714    9.555   10.020
            0.293333  0.557644  0.000000
  -15.045  -13.790  -11.907   -2.617   -1.199    8.706    9.566   10.120
            0.293333  0.563648  0.000000
  -14.964  -13.855  -11.937   -2.536   -1.277    8.698    9.570   10.223
            0.293333  0.569652  0.000000
  -14.883  -13.924  -11.961   -2.457   -1.352    8.692    9.572   10.327
            0.293333  0.575657  0.000000
  -14.802  -13.995  -11.979   -2.382   -1.424    8.686    9.572   10.428
            0.293333  0.581661  0.000000
  -14.723  -14.068  -11.992   -2.314   -1.489    8.683    9.572   10.524
            0.293333  0.587666  0.000000
  -14.644  -14.143  -11.999   -2.255   -1.545    8.681    9.572   10.612
            0.293333  0.593670  0.000000
  -14.567  -14.220  -12.001   -2.212   -1.586    8.681    9.571   10.686
            0.293333  0.599675  0.000000
  -14.493  -14.297  -11.997   -2.190   -1.605    8.682    9.572   10.740
            0.293333  0.605679  0.000000
  -14.433  -14.362  -11.988   -2.195   -1.598    8.686    9.572   10.757
            0.293333  0.611684  0.000000
  -14.474  -14.329  -11.973   -2.226   -1.566    8.691    9.573   10.720
            0.293333  0.617688  0.000000
  -14.553  -14.261  -11.954   -2.275   -1.515    8.697    9.575   10.639
            0.293333  0.623692  0.000000
  -14.637  -14.190  -11.929   -2.337   -1.451    8.706    9.577   10.534
            0.293333  0.629697  0.000000
  -14.721  -14.121  -11.900   -2.407   -1.380    8.716    9.580   10.418
            0.298333  0.512495  0.000000
  -15.635  -13.429  -11.509   -3.229   -0.628    8.766    9.132    9.865
            0.298333  0.518499  0.000000
  -15.553  -13.471  -11.581   -3.143   -0.708    8.761    9.245    9.862
            0.298333  0.524504  0.000000
  -15.471  -13.514  -11.648   -3.057   -0.789    8.754    9.351    9.866
            0.298333  0.530508  0.000000
  -15.390  -13.560  -11.711   -2.972   -0.869    8.744    9.447    9.880
            0.298333  0.536512  0.000000
  -15.308  -13.609  -11.769   -2.886   -0.950    8.734    9.526    9.912
            0.298333  0.542517  0.000000
  -15.227  -13.660  -11.822   -2.800   -1.031    8.723    9.583    9.966
            0.298333  0.548521  0.000000
  -15.146  -13.714  -11.869   -2.715   -1.111    8.713    9.618   10.041
            0.298333  0.554526  0.000000
  -15.065  -13.771  -11.910   -2.631   -1.191    8.702    9.637   10.131
            0.298333  0.560530  0.000000
  -14.985  -13.831  -11.945   -2.547   -1.270    8.693    9.647   10.229
            0.298333  0.566535  0.000000
  -14.905  -13.894  -11.974   -2.466   -1.348    8.685    9.652   10.329
            0.298333  0.572539  0.000000
  -14.826  -13.960  -11.998   -2.386   -1.424    8.678    9.654   10.428
            0.298333  0.578544  0.000000
  -14.748  -14.028  -12.015   -2.310   -1.496    8.673    9.654   10.523
            0.298333  0.584548  0.000000
  -14.671  -14.099  -12.026   -2.241   -1.563    8.670    9.654   10.610
            0.298333  0.590552  0.000000
  -14.595  -14.172  -12.031   -2.182   -1.618    8.669    9.654   10.687
            0.298333  0.596557  0.000000
  -14.521  -14.248  -12.030   -2.143   -1.655    8.669    9.654   10.748
            0.298333  0.602561  0.000000
  -14.447  -14.325  -12.024   -2.132   -1.664    8.671    9.655   10.783
            0.298333  0.608566  0.000000
  -14.404  -14.375  -12.012   -2.153   -1.642    8.676    9.656   10.776
            0.298333  0.614570  0.000000
  -14.485  -14.305  -11.994   -2.199   -1.594    8.682    9.657   10.722
            0.298333  0.620575  0.000000
  -14.567  -14.236  -11.971   -2.260   -1.531    8.690    9.659   10.634
            0.298333  0.626579  0.000000
  -14.650  -14.169  -11.943   -2.331   -1.459    8.699    9.661   10.527
            0.298333  0.632584  0.000000
  -14.734  -14.103  -11.910   -2.407   -1.383    8.711    9.664   10.412
            0.303333  0.515381  0.000000
  -15.565  -13.495  -11.540   -3.161   -0.701    8.772    9.246    9.944
            0.303333  0.521386  0.000000
  -15.484  -13.533  -11.613   -3.076   -0.781    8.762    9.355    9.944
            0.303333  0.527390  0.000000
  -15.404  -13.574  -11.681   -2.990   -0.860    8.751    9.457    9.952
            0.303333  0.533395  0.000000
  -15.324  -13.617  -11.744   -2.905   -0.940    8.739    9.546    9.972
            0.303333  0.539399  0.000000
  -15.244  -13.662  -11.803   -2.819   -1.019    8.727    9.617   10.010
            0.303333  0.545404  0.000000
  -15.164  -13.710  -11.855   -2.734   -1.099    8.714    9.667   10.070
            0.303333  0.551408  0.000000
  -15.085  -13.760  -11.902   -2.649   -1.179    8.703    9.696   10.149
            0.303333  0.557413  0.000000
  -15.007  -13.814  -11.944   -2.565   -1.259    8.692    9.713   10.239
            0.303333  0.563417  0.000000
  -14.929  -13.870  -11.978   -2.481   -1.338    8.682    9.721   10.334
            0.303333  0.569421  0.000000
  -14.852  -13.930  -12.007   -2.398   -1.417    8.673    9.726   10.430
            0.303333  0.575426  0.000000
  -14.776  -13.992  -12.029   -2.318   -1.494    8.667    9.728   10.523
            0.303333  0.581430  0.000000
  -14.702  -14.057  -12.045   -2.240   -1.568    8.662    9.728   10.610
            0.303333  0.587435  0.000000
  -14.628  -14.125  -12.054   -2.169   -1.636    8.659    9.729   10.688
            0.303333  0.593439  0.000000
  -14.557  -14.195  -12.057   -2.110   -1.692    8.658    9.729   10.753
            0.303333  0.599444  0.000000
  -14.487  -14.266  -12.054   -2.076   -1.723    8.660    9.729   10.798
            0.303333  0.605448  0.000000
  -14.426  -14.334  -12.045   -2.081   -1.716    8.663    9.730   10.812
            0.303333  0.611453  0.000000
  -14.435  -14.334  -12.030   -2.122   -1.673    8.668    9.731   10.786
            0.303333  0.617457  0.000000
  -14.507  -14.275  -12.008   -2.184   -1.610    8.676    9.733   10.720
            0.303333  0.623461  0.000000
  -14.585  -14.212  -11.982   -2.256   -1.537    8.685    9.735   10.628
            0.303333  0.629466  0.000000
  -14.666  -14.150  -11.949   -2.333   -1.459    8.696    9.737   10.521
            0.303333  0.635470  0.000000
  -14.748  -14.089  -11.912   -2.413   -1.379    8.709    9.739   10.405
            0.308333  0.518268  0.000000
  -15.497  -13.559  -11.569   -3.096   -0.772    8.775    9.358   10.016
            0.308333  0.524273  0.000000
  -15.418  -13.594  -11.642   -3.011   -0.850    8.762    9.463   10.019
            0.308333  0.530277  0.000000
  -15.339  -13.631  -11.710   -2.926   -0.928    8.748    9.559   10.032
            0.308333  0.536282  0.000000
  -15.261  -13.670  -11.774   -2.841   -1.006    8.734    9.640   10.059
            0.308333  0.542286  0.000000
  -15.183  -13.712  -11.833   -2.757   -1.085    8.720    9.702   10.105
            0.308333  0.548290  0.000000
  -15.106  -13.756  -11.885   -2.672   -1.164    8.706    9.743   10.172
            0.308333  0.554295  0.000000
  -15.029  -13.803  -11.932   -2.587   -1.243    8.693    9.767   10.253
            0.308333  0.560299  0.000000
  -14.954  -13.852  -11.973   -2.503   -1.323    8.681    9.781   10.342
            0.308333  0.566304  0.000000
  -14.879  -13.905  -12.007   -2.419   -1.402    8.671    9.788   10.434
            0.308333  0.572308  0.000000
  -14.806  -13.961  -12.035   -2.335   -1.481    8.663    9.792   10.525
            0.308333  0.578313  0.000000
  -14.734  -14.019  -12.056   -2.253   -1.559    8.657    9.793   10.611
            0.308333  0.584317  0.000000
  -14.664  -14.081  -12.070   -2.174   -1.636    8.652    9.794   10.690
            0.308333  0.590322  0.000000
  -14.596  -14.144  -12.077   -2.099   -1.707    8.650    9.795   10.756
            0.308333  0.596326  0.000000
  -14.532  -14.207  -12.078   -2.038   -1.765    8.650    9.795   10.807
            0.308333  0.602330  0.000000
  -14.475  -14.268  -12.072   -2.014   -1.787    8.652    9.796   10.834
            0.308333  0.608335  0.000000
  -14.444  -14.307  -12.059   -2.047   -1.753    8.657    9.797   10.830
            0.308333  0.614339  0.000000
  -14.471  -14.291  -12.040   -2.110   -1.688    8.663    9.798   10.789
            0.308333  0.620344  0.000000
  -14.534  -14.244  -12.015   -2.184   -1.612    8.672    9.799   10.716
            0.308333  0.626348  0.000000
  -14.608  -14.189  -11.984   -2.263   -1.533    8.683    9.801   10.621
            0.308333  0.632353  0.000000
  -14.685  -14.134  -11.948   -2.344   -1.452    8.695    9.802   10.514
            0.308333  0.638357  0.000000
  -14.764  -14.080  -11.906   -2.426   -1.369    8.709    9.804   10.399
            0.313333  0.521155  0.000000
  -15.432  -13.620  -11.595   -3.033   -0.838    8.776    9.467   10.080
            0.313333  0.527159  0.000000
  -15.355  -13.652  -11.668   -2.950   -0.915    8.760    9.567   10.088
            0.313333  0.533164  0.000000
  -15.279  -13.685  -11.737   -2.866   -0.991    8.744    9.655   10.107
            0.313333  0.539168  0.000000
  -15.203  -13.721  -11.801   -2.782   -1.069    8.728    9.727   10.143
            0.313333  0.545173  0.000000
  -15.127  -13.758  -11.859   -2.698   -1.146    8.712    9.778   10.197
            0.313333  0.551177  0.000000
  -15.053  -13.798  -11.912   -2.614   -1.224    8.698    9.810   10.269
            0.313333  0.557182  0.000000
  -14.980  -13.841  -11.959   -2.530   -1.302    8.684    9.829   10.352
            0.313333  0.563186  0.000000
  -14.908  -13.886  -11.999   -2.446   -1.381    8.672    9.840   10.440
            0.313333  0.569191  0.000000
  -14.837  -13.935  -12.032   -2.362   -1.460    8.662    9.846   10.528
            0.313333  0.575195  0.000000
  -14.769  -13.986  -12.058   -2.279   -1.539    8.654    9.849   10.613
            0.313333  0.581199  0.000000
  -14.702  -14.039  -12.078   -2.196   -1.619    8.648    9.850   10.691
            0.313333  0.587204  0.000000
  -14.639  -14.095  -12.090   -2.114   -1.697    8.645    9.851   10.759
            0.313333  0.593208  0.000000
  -14.579  -14.151  -12.094   -2.034   -1.774    8.643    9.852   10.813
            0.313333  0.599213  0.000000
  -14.527  -14.205  -12.092   -1.966   -1.839    8.644    9.852   10.848
            0.313333  0.605217  0.000000
  -14.488  -14.249  -12.083   -1.971   -1.832    8.648    9.853   10.859
            0.313333  0.611222  0.000000
  -14.479  -14.268  -12.067   -2.040   -1.762    8.653    9.853   10.840
            0.313333  0.617226  0.000000
  -14.510  -14.252  -12.044   -2.118   -1.682    8.661    9.854   10.788
            0.313333  0.623231  0.000000
  -14.566  -14.214  -12.015   -2.199   -1.601    8.671    9.855   10.710
            0.313333  0.629235  0.000000
  -14.633  -14.169  -11.980   -2.280   -1.519    8.683    9.856   10.614
            0.313333  0.635239  0.000000
  -14.706  -14.122  -11.939   -2.363   -1.436    8.697    9.857   10.507
            0.313333  0.641244  0.000000
  -14.781  -14.074  -11.892   -2.445   -1.354    8.713    9.857   10.393
            0.318333  0.524042  0.000000
  -15.371  -13.678  -11.618   -2.976   -0.900    8.775    9.573   10.136
            0.318333  0.530046  0.000000
  -15.297  -13.706  -11.692   -2.893   -0.975    8.757    9.666   10.150
            0.318333  0.536051  0.000000
  -15.223  -13.735  -11.760   -2.811   -1.050    8.739    9.744   10.178
            0.318333  0.542055  0.000000
  -15.150  -13.766  -11.824   -2.728   -1.126    8.722    9.803   10.223
            0.318333  0.548059  0.000000
  -15.078  -13.800  -11.882   -2.645   -1.202    8.705    9.843   10.286
            0.318333  0.554064  0.000000
  -15.007  -13.835  -11.935   -2.563   -1.278    8.690    9.868   10.363
            0.318333  0.560068  0.000000
  -14.938  -13.873  -11.981   -2.480   -1.355    8.676    9.882   10.446
            0.318333  0.566073  0.000000
  -14.871  -13.913  -12.020   -2.397   -1.432    8.665    9.890   10.532
            0.318333  0.572077  0.000000
  -14.805  -13.956  -12.052   -2.315   -1.510    8.655    9.894   10.615
            0.318333  0.578082  0.000000
  -14.743  -14.002  -12.077   -2.232   -1.588    8.647    9.896   10.692
            0.318333  0.584086  0.000000
  -14.683  -14.049  -12.094   -2.150   -1.666    8.642    9.898   10.760
            0.318333  0.590091  0.000000
  -14.628  -14.098  -12.104   -2.068   -1.745    8.639    9.898   10.816
            0.318333  0.596095  0.000000
  -14.579  -14.145  -12.106   -1.986   -1.824    8.639    9.898   10.857
            0.318333  0.602099  0.000000
  -14.540  -14.187  -12.100   -1.914   -1.893    8.641    9.899   10.877
            0.318333  0.608104  0.000000
  -14.518  -14.218  -12.087   -1.985   -1.820    8.645    9.899   10.873
            0.318333  0.614108  0.000000
  -14.521  -14.228  -12.067   -2.065   -1.739    8.652    9.900   10.841
            0.318333  0.620113  0.000000
  -14.551  -14.215  -12.040   -2.145   -1.658    8.661    9.900   10.783
            0.318333  0.626117  0.000000
  -14.600  -14.187  -12.007   -2.226   -1.576    8.673    9.900   10.702
            0.318333  0.632122  0.000000
  -14.661  -14.151  -11.967   -2.307   -1.495    8.687    9.900   10.606
            0.318333  0.638126  0.000000
  -14.729  -14.112  -11.922   -2.388   -1.415    8.702    9.900   10.499
            0.318333  0.644131  0.000000
  -14.801  -14.072  -11.871   -2.470   -1.334    8.720    9.897   10.386
            0.323333  0.526928  0.000000
  -15.315  -13.731  -11.639   -2.922   -0.957    8.774    9.673   10.185
            0.323333  0.532933  0.000000
  -15.243  -13.755  -11.712   -2.842   -1.030    8.754    9.756   10.207
            0.323333  0.538937  0.000000
  -15.173  -13.780  -11.781   -2.761   -1.103    8.735    9.821   10.246
            0.323333  0.544942  0.000000
  -15.103  -13.806  -11.844   -2.680   -1.176    8.716    9.867   10.302
            0.323333  0.550946  0.000000
  -15.035  -13.834  -11.902   -2.599   -1.250    8.699    9.897   10.372
            0.323333  0.556951  0.000000
  -14.969  -13.865  -11.954   -2.519   -1.324    8.683    9.914   10.452
            0.323333  0.562955  0.000000
  -14.905  -13.897  -11.999   -2.439   -1.398    8.670    9.924   10.534
            0.323333  0.568960  0.000000
  -14.844  -13.932  -12.037   -2.358   -1.473    8.658    9.930   10.616
            0.323333  0.574964  0.000000
  -14.785  -13.969  -12.068   -2.279   -1.547    8.649    9.932   10.692
            0.323333  0.580968  0.000000
  -14.730  -14.008  -12.090   -2.200   -1.622    8.642    9.934   10.760
            0.323333  0.586973  0.000000
  -14.679  -14.048  -12.105   -2.123   -1.695    8.637    9.934   10.818
            0.323333  0.592977  0.000000
  -14.633  -14.088  -12.112   -2.050   -1.765    8.635    9.935   10.861
            0.323333  0.598982  0.000000
  -14.595  -14.127  -12.111   -1.992   -1.820    8.636    9.935   10.888
            0.323333  0.604986  0.000000
  -14.568  -14.159  -12.101   -1.987   -1.823    8.639    9.935   10.894
            0.323333  0.610991  0.000000
  -14.557  -14.182  -12.085   -2.041   -1.767    8.645    9.935   10.877
            0.323333  0.616995  0.000000
  -14.565  -14.189  -12.060   -2.111   -1.696    8.653    9.935   10.837
            0.323333  0.623000  0.000000
  -14.593  -14.182  -12.029   -2.186   -1.620    8.664    9.935   10.773
            0.323333  0.629004  0.000000
  -14.637  -14.163  -11.991   -2.263   -1.543    8.677    9.934   10.691
            0.323333  0.635008  0.000000
  -14.692  -14.137  -11.948   -2.342   -1.465    8.693    9.932   10.596
            0.323333  0.641013  0.000000
  -14.754  -14.106  -11.898   -2.420   -1.387    8.710    9.929   10.490
            0.323333  0.647017  0.000000
  -14.822  -14.073  -11.843   -2.500   -1.309    8.729    9.924   10.378
            0.328333  0.529815  0.000000
  -15.265  -13.779  -11.657   -2.875   -1.008    8.771    9.764   10.229
            0.328333  0.535820  0.000000
  -15.197  -13.798  -11.730   -2.797   -1.078    8.750    9.834   10.262
            0.328333  0.541824  0.000000
  -15.130  -13.818  -11.799   -2.718   -1.148    8.730    9.884   10.313
            0.328333  0.547829  0.000000
  -15.065  -13.839  -11.862   -2.640   -1.219    8.711    9.917   10.379
            0.328333  0.553833  0.000000
  -15.003  -13.861  -11.919   -2.562   -1.289    8.693    9.937   10.455
            0.328333  0.559837  0.000000
  -14.942  -13.886  -11.970   -2.485   -1.360    8.678    9.949   10.535
            0.328333  0.565842  0.000000
  -14.884  -13.912  -12.013   -2.408   -1.431    8.664    9.955   10.615
            0.328333  0.571846  0.000000
  -14.829  -13.940  -12.050   -2.333   -1.500    8.653    9.958   10.691
            0.328333  0.577851  0.000000
  -14.778  -13.971  -12.078   -2.259   -1.569    8.644    9.960   10.759
            0.328333  0.583855  0.000000
  -14.731  -14.003  -12.099   -2.188   -1.636    8.638    9.960   10.817
            0.328333  0.589860  0.000000
  -14.688  -14.036  -12.111   -2.123   -1.697    8.635    9.960   10.862
            0.328333  0.595864  0.000000
  -14.652  -14.068  -12.114   -2.071   -1.746    8.634    9.960   10.893
            0.328333  0.601869  0.000000
  -14.624  -14.099  -12.109   -2.046   -1.769    8.636    9.960   10.905
            0.328333  0.607873  0.000000
  -14.607  -14.125  -12.096   -2.061   -1.752    8.640    9.960   10.899
            0.328333  0.613877  0.000000
  -14.602  -14.144  -12.075   -2.107   -1.704    8.647    9.959   10.872
            0.328333  0.619882  0.000000
  -14.613  -14.153  -12.047   -2.168   -1.642    8.657    9.959   10.825
            0.328333  0.625886  0.000000
  -14.638  -14.152  -12.011   -2.237   -1.574    8.670    9.957   10.759
            0.328333  0.631891  0.000000
  -14.676  -14.141  -11.969   -2.308   -1.502    8.684    9.955   10.677
            0.328333  0.637895  0.000000
  -14.725  -14.124  -11.921   -2.382   -1.429    8.701    9.951   10.583
            0.328333  0.643900  0.000000
  -14.782  -14.102  -11.867   -2.457   -1.356    8.720    9.945   10.479
            0.328333  0.649904  0.000000
  -14.845  -14.078  -11.808   -2.534   -1.281    8.741    9.936   10.369
            0.333333  0.532702  0.000000
  -15.222  -13.819  -11.673   -2.835   -1.051    8.769    9.842   10.270
            0.333333  0.538706  0.000000
  -15.158  -13.833  -11.746   -2.759   -1.118    8.746    9.895   10.318
            0.333333  0.544711  0.000000
  -15.097  -13.847  -11.813   -2.684   -1.185    8.725    9.930   10.381
            0.333333  0.550715  0.000000
  -15.037  -13.862  -11.876   -2.609   -1.252    8.706    9.951   10.455
            0.333333  0.556720  0.000000
  -14.980  -13.878  -11.932   -2.535   -1.318    8.689    9.963   10.533
            0.333333  0.562724  0.000000
  -14.926  -13.896  -11.981   -2.463   -1.384    8.673    9.970   10.612
            0.333333  0.568729  0.000000
  -14.875  -13.916  -12.024   -2.391   -1.449    8.660    9.973   10.687
            0.333333  0.574733  0.000000
  -14.828  -13.938  -12.058   -2.323   -1.513    8.650    9.975   10.755
            0.333333  0.580738  0.000000
  -14.784  -13.961  -12.084   -2.258   -1.573    8.642    9.975   10.814
            0.333333  0.586742  0.000000
  -14.745  -13.987  -12.102   -2.199   -1.627    8.637    9.975   10.860
            0.333333  0.592746  0.000000
  -14.711  -14.013  -12.111   -2.151   -1.672    8.634    9.975   10.893
            0.333333  0.598751  0.000000
  -14.684  -14.040  -12.111   -2.120   -1.700    8.634    9.974   10.910
            0.333333  0.604755  0.000000
  -14.664  -14.066  -12.102   -2.114   -1.703    8.638    9.974   10.911
            0.333333  0.610760  0.000000
  -14.652  -14.089  -12.084   -2.135   -1.681    8.644    9.973   10.893
            0.333333  0.616764  0.000000
  -14.651  -14.107  -12.059   -2.176   -1.638    8.652    9.972   10.859
            0.333333  0.622769  0.000000
  -14.662  -14.119  -12.026   -2.231   -1.584    8.664    9.970   10.807
            0.333333  0.628773  0.000000
  -14.684  -14.124  -11.986   -2.292   -1.522    8.677    9.968   10.739
            0.333333  0.634778  0.000000
  -14.718  -14.122  -11.940   -2.358   -1.457    8.694    9.964   10.658
            0.333333  0.640782  0.000000
  -14.761  -14.114  -11.887   -2.428   -1.389    8.712    9.957   10.566
            0.333333  0.646786  0.000000
  -14.813  -14.101  -11.829   -2.499   -1.320    8.733    9.947   10.465
            0.333333  0.652791  0.000000
  -14.871  -14.084  -11.766   -2.572   -1.250    8.756    9.932   10.357
            0.338333  0.535589  0.000000
  -15.188  -13.850  -11.686   -2.803   -1.086    8.766    9.901   10.315
            0.338333  0.541593  0.000000
  -15.129  -13.858  -11.758   -2.731   -1.150    8.743    9.936   10.377
            0.338333  0.547598  0.000000
  -15.074  -13.866  -11.825   -2.659   -1.212    8.722    9.957   10.450
            0.338333  0.553602  0.000000
  -15.020  -13.875  -11.887   -2.589   -1.274    8.702    9.969   10.528
            0.338333  0.559606  0.000000
  -14.970  -13.885  -11.942   -2.520   -1.336    8.685    9.975   10.606
            0.338333  0.565611  0.000000
  -14.923  -13.896  -11.990   -2.453   -1.396    8.670    9.978   10.681
            0.338333  0.571615  0.000000
  -14.879  -13.909  -12.030   -2.390   -1.453    8.657    9.979   10.749
            0.338333  0.577620  0.000000
  -14.839  -13.924  -12.062   -2.330   -1.508    8.648    9.979   10.808
            0.338333  0.583624  0.000000
  -14.803  -13.942  -12.085   -2.276   -1.557    8.641    9.979   10.855
            0.338333  0.589629  0.000000
  -14.772  -13.962  -12.100   -2.230   -1.598    8.637    9.978   10.890
            0.338333  0.595633  0.000000
  -14.745  -13.984  -12.105   -2.198   -1.627    8.635    9.977   10.910
            0.338333  0.601638  0.000000
  -14.724  -14.007  -12.101   -2.182   -1.640    8.637    9.977   10.914
            0.338333  0.607642  0.000000
  -14.710  -14.030  -12.088   -2.186   -1.634    8.642    9.976   10.903
            0.338333  0.613646  0.000000
  -14.702  -14.052  -12.066   -2.209   -1.610    8.649    9.975   10.876
            0.338333  0.619651  0.000000
  -14.703  -14.072  -12.036   -2.247   -1.572    8.659    9.973   10.834
            0.338333  0.625655  0.000000
  -14.713  -14.088  -11.999   -2.296   -1.523    8.672    9.970   10.779
            0.338333  0.631660  0.000000
  -14.733  -14.099  -11.954   -2.352   -1.468    8.688    9.966   10.711
            0.338333  0.637664  0.000000
  -14.762  -14.105  -11.904   -2.412   -1.408    8.706    9.959   10.631
            0.338333  0.643669  0.000000
  -14.800  -14.105  -11.847   -2.477   -1.346    8.726    9.949   10.543
            0.338333  0.649673  0.000000
  -14.846  -14.101  -11.785   -2.544   -1.282    8.749    9.933   10.446
            0.338333  0.655678  0.000000
  -14.898  -14.092  -11.719   -2.613   -1.216    8.773    9.910   10.343
            0.343333  0.538475  0.000000
  -15.164  -13.872  -11.697   -2.780   -1.112    8.763    9.935   10.369
            0.343333  0.544480  0.000000
  -15.112  -13.873  -11.768   -2.712   -1.171    8.740    9.954   10.442
            0.343333  0.550484  0.000000
  -15.062  -13.874  -11.834   -2.645   -1.229    8.718    9.965   10.520
            0.343333  0.556489  0.000000
  -15.016  -13.876  -11.894   -2.580   -1.285    8.699    9.970   10.599
            0.343333  0.562493  0.000000
  -14.972  -13.879  -11.948   -2.518   -1.340    8.682    9.972   10.673
            0.343333  0.568498  0.000000
  -14.932  -13.884  -11.994   -2.458   -1.393    8.668    9.972   10.741
            0.343333  0.574502  0.000000
  -14.896  -13.891  -12.032   -2.403   -1.442    8.656    9.972   10.800
            0.343333  0.580507  0.000000
  -14.863  -13.901  -12.061   -2.353   -1.487    8.647    9.971   10.848
            0.343333  0.586511  0.000000
  -14.834  -13.914  -12.082   -2.310   -1.525    8.641    9.970   10.883
            0.343333  0.592515  0.000000
  -14.809  -13.930  -12.092   -2.277   -1.554    8.639    9.969   10.905
            0.343333  0.598520  0.000000
  -14.788  -13.949  -12.094   -2.257   -1.571    8.639    9.968   10.912
            0.343333  0.604524  0.000000
  -14.772  -13.970  -12.085   -2.251   -1.575    8.642    9.967   10.904
            0.343333  0.610529  0.000000
  -14.761  -13.993  -12.068   -2.260   -1.564    8.648    9.966   10.882
            0.343333  0.616533  0.000000
  -14.756  -14.016  -12.042   -2.283   -1.540    8.657    9.965   10.846
            0.343333  0.622538  0.000000
  -14.758  -14.039  -12.007   -2.318   -1.505    8.668    9.962   10.799
            0.343333  0.628542  0.000000
  -14.767  -14.059  -11.965   -2.362   -1.461    8.683    9.958   10.740
            0.343333  0.634547  0.000000
  -14.784  -14.077  -11.916   -2.413   -1.411    8.700    9.952   10.671
            0.343333  0.640551  0.000000
  -14.808  -14.090  -11.861   -2.469   -1.357    8.720    9.942   10.594
            0.343333  0.646555  0.000000
  -14.841  -14.098  -11.801   -2.529   -1.300    8.742    9.927   10.510
            0.343333  0.652560  0.000000
  -14.881  -14.102  -11.736   -2.592   -1.241    8.767    9.905   10.420
            0.343333  0.658564  0.000000
  -14.929  -14.101  -11.666   -2.656   -1.180    8.793    9.872   10.325
            0.348333  0.541362  0.000000
  -15.152  -13.881  -11.706   -2.766   -1.128    8.760    9.943   10.431
            0.348333  0.547367  0.000000
  -15.106  -13.876  -11.776   -2.703   -1.181    8.737    9.951   10.510
            0.348333  0.553371  0.000000
  -15.063  -13.870  -11.840   -2.642   -1.233    8.715    9.954   10.589
            0.348333  0.559376  0.000000
  -15.024  -13.866  -11.899   -2.584   -1.283    8.697    9.955   10.664
            0.348333  0.565380  0.000000
  -14.987  -13.863  -11.951   -2.528   -1.331    8.680    9.955   10.732
            0.348333  0.571384  0.000000
  -14.954  -13.862  -11.994   -2.477   -1.376    8.667    9.954   10.791
            0.348333  0.577389  0.000000
  -14.924  -13.864  -12.030   -2.430   -1.417    8.656    9.952   10.839
            0.348333  0.583393  0.000000
  -14.897  -13.870  -12.056   -2.390   -1.452    8.648    9.951   10.875
            0.348333  0.589398  0.000000
  -14.873  -13.879  -12.073   -2.357   -1.480    8.644    9.950   10.897
            0.348333  0.595402  0.000000
  -14.853  -13.893  -12.080   -2.334   -1.500    8.642    9.949   10.905
            0.348333  0.601407  0.000000
  -14.837  -13.911  -12.076   -2.322   -1.509    8.644    9.948   10.899
            0.348333  0.607411  0.000000
  -14.825  -13.932  -12.064   -2.323   -1.506    8.648    9.947   10.880
            0.348333  0.613416  0.000000
  -14.816  -13.956  -12.042   -2.335   -1.493    8.656    9.945   10.847
            0.348333  0.619420  0.000000
  -14.813  -13.981  -12.011   -2.358   -1.470    8.666    9.943   10.804
            0.348333  0.625424  0.000000
  -14.814  -14.008  -11.972   -2.390   -1.438    8.680    9.940   10.750
            0.348333  0.631429  0.000000
  -14.822  -14.033  -11.925   -2.430   -1.398    8.696    9.934   10.687
            0.348333  0.637433  0.000000
  -14.836  -14.056  -11.872   -2.477   -1.354    8.715    9.926   10.618
            0.348333  0.643438  0.000000
  -14.857  -14.076  -11.814   -2.528   -1.305    8.737    9.912   10.543
            0.348333  0.649442  0.000000
  -14.885  -14.092  -11.750   -2.583   -1.253    8.761    9.892   10.465
            0.348333  0.655447  0.000000
  -14.920  -14.103  -11.681   -2.642   -1.198    8.787    9.861   10.385
            0.348333  0.661451  0.000000
  -14.961  -14.110  -11.608   -2.703   -1.142    8.815    9.818   10.302
            0.353333  0.544249  0.000000
  -15.152  -13.879  -11.712   -2.763   -1.133    8.757    9.927   10.499
            0.353333  0.550253  0.000000
  -15.113  -13.867  -11.780   -2.706   -1.180    8.734    9.928   10.579
            0.353333  0.556258  0.000000
  -15.077  -13.855  -11.844   -2.651   -1.226    8.713    9.928   10.654
            0.353333  0.562262  0.000000
  -15.043  -13.845  -11.900   -2.599   -1.270    8.695    9.926   10.722
            0.353333  0.568267  0.000000
  -15.013  -13.836  -11.950   -2.551   -1.310    8.680    9.924   10.781
            0.353333  0.574271  0.000000
  -14.986  -13.831  -11.991   -2.507   -1.347    8.667    9.922   10.829
            0.353333  0.580276  0.000000
  -14.961  -13.829  -12.023   -2.469   -1.380    8.658    9.920   10.865
            0.353333  0.586280  0.000000
  -14.940  -13.832  -12.046   -2.437   -1.407    8.651    9.919   10.888
            0.353333  0.592285  0.000000
  -14.921  -13.840  -12.059   -2.413   -1.426    8.648    9.918   10.896
            0.353333  0.598289  0.000000
  -14.904  -13.853  -12.061   -2.398   -1.439    8.647    9.917   10.891
            0.353333  0.604293  0.000000
  -14.891  -13.871  -12.054   -2.392   -1.442    8.650    9.916   10.872
            0.353333  0.610298  0.000000
  -14.881  -13.894  -12.036   -2.396   -1.437    8.657    9.915   10.841
            0.353333  0.616302  0.000000
  -14.875  -13.920  -12.009   -2.409   -1.422    8.666    9.914   10.799
            0.353333  0.622307  0.000000
  -14.872  -13.948  -11.974   -2.432   -1.400    8.678    9.911   10.747
            0.353333  0.628311  0.000000
  -14.873  -13.978  -11.930   -2.462   -1.371    8.693    9.907   10.687
            0.353333  0.634316  0.000000
  -14.879  -14.008  -11.880   -2.499   -1.336    8.711    9.900   10.621
            0.353333  0.640320  0.000000
  -14.890  -14.037  -11.823   -2.541   -1.295    8.732    9.889   10.550
            0.353333  0.646325  0.000000
  -14.907  -14.064  -11.761   -2.589   -1.251    8.756    9.871   10.478
            0.353333  0.652329  0.000000
  -14.931  -14.086  -11.693   -2.640   -1.204    8.781    9.844   10.407
            0.353333  0.658333  0.000000
  -14.961  -14.105  -11.622   -2.694   -1.154    8.809    9.804   10.337
            0.353333  0.664338  0.000000
  -14.997  -14.118  -11.546   -2.751   -1.102    8.839    9.750   10.269
            0.358333  0.547136  0.000000
  -15.164  -13.865  -11.715   -2.770   -1.127    8.755    9.892   10.569
            0.358333  0.553140  0.000000
  -15.131  -13.846  -11.782   -2.719   -1.169    8.732    9.889   10.645
            0.358333  0.559145  0.000000
  -15.101  -13.829  -11.844   -2.671   -1.208    8.712    9.887   10.713
            0.358333  0.565149  0.000000
  -15.074  -13.814  -11.898   -2.626   -1.245    8.695    9.884   10.772
            0.358333  0.571154  0.000000
  -15.049  -13.801  -11.945   -2.585   -1.278    8.680    9.881   10.820
            0.358333  0.577158  0.000000
  -15.027  -13.793  -11.984   -2.549   -1.308    8.669    9.879   10.855
            0.358333  0.583162  0.000000
  -15.007  -13.789  -12.012   -2.518   -1.333    8.660    9.877   10.878
            0.358333  0.589167  0.000000
  -14.989  -13.791  -12.031   -2.494   -1.353    8.655    9.876   10.886
            0.358333  0.595171  0.000000
  -14.974  -13.798  -12.040   -2.476   -1.366    8.653    9.875   10.881
            0.358333  0.601176  0.000000
  -14.960  -13.812  -12.038   -2.466   -1.373    8.654    9.874   10.862
            0.358333  0.607180  0.000000
  -14.949  -13.831  -12.025   -2.464   -1.373    8.659    9.874   10.832
            0.358333  0.613185  0.000000
  -14.941  -13.856  -12.003   -2.471   -1.366    8.667    9.873   10.790
            0.358333  0.619189  0.000000
  -14.935  -13.884  -11.971   -2.485   -1.352    8.678    9.872   10.738
            0.358333  0.625194  0.000000
  -14.932  -13.917  -11.931   -2.506   -1.331    8.692    9.869   10.678
            0.358333  0.631198  0.000000
  -14.933  -13.951  -11.883   -2.534   -1.304    8.709    9.864   10.612
            0.358333  0.637202  0.000000
  -14.937  -13.985  -11.829   -2.568   -1.273    8.728    9.856   10.542
            0.358333  0.643207  0.000000
  -14.946  -14.019  -11.768   -2.607   -1.237    8.751    9.841   10.470
            0.358333  0.649211  0.000000
  -14.960  -14.052  -11.703   -2.650   -1.197    8.776    9.819   10.400
            0.358333  0.655216  0.000000
  -14.979  -14.081  -11.632   -2.697   -1.154    8.804    9.784   10.335
            0.358333  0.661220  0.000000
  -15.004  -14.106  -11.558   -2.748   -1.109    8.834    9.735   10.277
            0.358333  0.667225  0.000000
  -15.035  -14.126  -11.481   -2.801   -1.062    8.865    9.669   10.225
            0.363333  0.550022  0.000000
  -15.187  -13.839  -11.716   -2.788   -1.111    8.753    9.841   10.637
            0.363333  0.556027  0.000000
  -15.160  -13.816  -11.782   -2.743   -1.146    8.731    9.837   10.705
            0.363333  0.562031  0.000000
  -15.136  -13.794  -11.841   -2.701   -1.179    8.711    9.833   10.764
            0.363333  0.568036  0.000000
  -15.114  -13.774  -11.893   -2.662   -1.209    8.695    9.830   10.811
            0.363333  0.574040  0.000000
  -15.093  -13.759  -11.937   -2.628   -1.237    8.681    9.827   10.847
            0.363333  0.580045  0.000000
  -15.075  -13.749  -11.972   -2.599   -1.260    8.671    9.825   10.868
            0.363333  0.586049  0.000000
  -15.059  -13.744  -11.997   -2.574   -1.279    8.664    9.823   10.876
            0.363333  0.592054  0.000000
  -15.044  -13.746  -12.012   -2.556   -1.293    8.660    9.822   10.871
            0.363333  0.598058  0.000000
  -15.031  -13.754  -12.016   -2.543   -1.302    8.660    9.822   10.852
            0.363333  0.604062  0.000000
  -15.020  -13.770  -12.009   -2.537   -1.305    8.663    9.822   10.820
            0.363333  0.610067  0.000000
  -15.010  -13.791  -11.991   -2.538   -1.303    8.669    9.822   10.778
            0.363333  0.616071  0.000000
  -15.003  -13.819  -11.964   -2.546   -1.295    8.678    9.821   10.726
            0.363333  0.622076  0.000000
  -14.998  -13.851  -11.928   -2.560   -1.281    8.691    9.820   10.665
            0.363333  0.628080  0.000000
  -14.995  -13.887  -11.883   -2.580   -1.262    8.707    9.818   10.598
            0.363333  0.634085  0.000000
  -14.994  -13.925  -11.831   -2.606   -1.238    8.726    9.812   10.526
            0.363333  0.640089  0.000000
  -14.997  -13.964  -11.773   -2.637   -1.210    8.747    9.802   10.452
            0.363333  0.646094  0.000000
  -15.004  -14.003  -11.709   -2.673   -1.178    8.772    9.784   10.379
            0.363333  0.652098  0.000000
  -15.014  -14.040  -11.641   -2.713   -1.142    8.799    9.756   10.312
            0.363333  0.658102  0.000000
  -15.030  -14.075  -11.568   -2.756   -1.104    8.828    9.713   10.254
            0.363333  0.664107  0.000000
  -15.050  -14.106  -11.491   -2.803   -1.063    8.860    9.654   10.207
            0.363333  0.670111  0.000000
  -15.076  -14.133  -11.411   -2.852   -1.020    8.893    9.577   10.169
            0.368333  0.552909  0.000000
  -15.221  -13.804  -11.714   -2.815   -1.084    8.751    9.777   10.699
            0.368333  0.558914  0.000000
  -15.199  -13.776  -11.778   -2.776   -1.114    8.730    9.773   10.758
            0.368333  0.564918  0.000000
  -15.179  -13.750  -11.835   -2.740   -1.141    8.711    9.769   10.805
            0.368333  0.570923  0.000000
  -15.161  -13.729  -11.885   -2.708   -1.166    8.696    9.765   10.839
            0.368333  0.576927  0.000000
  -15.144  -13.712  -11.925   -2.679   -1.187    8.684    9.763   10.860
            0.368333  0.582931  0.000000
  -15.129  -13.701  -11.957   -2.655   -1.205    8.675    9.761   10.867
            0.368333  0.588936  0.000000
  -15.116  -13.696  -11.977   -2.636   -1.219    8.669    9.760   10.861
            0.368333  0.594940  0.000000
  -15.103  -13.699  -11.987   -2.622   -1.229    8.667    9.760   10.841
            0.368333  0.600945  0.000000
  -15.092  -13.710  -11.986   -2.613   -1.235    8.668    9.760   10.809
            0.368333  0.606949  0.000000
  -15.082  -13.728  -11.975   -2.610   -1.236    8.672    9.760   10.766
            0.368333  0.612954  0.000000
  -15.074  -13.752  -11.952   -2.613   -1.232    8.680    9.761   10.713
            0.368333  0.618958  0.000000
  -15.067  -13.783  -11.920   -2.621   -1.223    8.691    9.761   10.651
            0.368333  0.624963  0.000000
  -15.062  -13.819  -11.879   -2.635   -1.210    8.706    9.761   10.582
            0.368333  0.630967  0.000000
  -15.058  -13.858  -11.830   -2.654   -1.193    8.723    9.758   10.507
            0.368333  0.636971  0.000000
  -15.057  -13.900  -11.775   -2.678   -1.172    8.744    9.752   10.430
            0.368333  0.642976  0.000000
  -15.058  -13.943  -11.713   -2.707   -1.147    8.767    9.740   10.353
            0.368333  0.648980  0.000000
  -15.063  -13.987  -11.646   -2.739   -1.118    8.794    9.719   10.280
            0.368333  0.654985  0.000000
  -15.070  -14.029  -11.575   -2.776   -1.087    8.823    9.684   10.216
            0.368333  0.660989  0.000000
  -15.082  -14.069  -11.499   -2.816   -1.053    8.854    9.633   10.165
            0.368333  0.666994  0.000000
  -15.099  -14.106  -11.421   -2.859   -1.016    8.887    9.564   10.128
            0.368333  0.672998  0.000000
  -15.120  -14.138  -11.339   -2.904   -0.978    8.922    9.478   10.103
            0.373333  0.555796  0.000000
  -15.263  -13.760  -11.710   -2.851   -1.049    8.749    9.704   10.753
            0.373333  0.561800  0.000000
  -15.245  -13.729  -11.772   -2.817   -1.073    8.729    9.699   10.800
            0.373333  0.567805  0.000000
  -15.229  -13.701  -11.826   -2.787   -1.095    8.711    9.695   10.833
            0.373333  0.573809  0.000000
  -15.214  -13.678  -11.872   -2.760   -1.115    8.697    9.692   10.853
            0.373333  0.579814  0.000000
  -15.201  -13.661  -11.910   -2.736   -1.131    8.686    9.690   10.860
            0.373333  0.585818  0.000000
  -15.188  -13.650  -11.937   -2.717   -1.145    8.679    9.689   10.852
            0.373333  0.591823  0.000000
  -15.176  -13.647  -11.953   -2.702   -1.155    8.675    9.688   10.832
            0.373333  0.597827  0.000000
  -15.166  -13.652  -11.958   -2.692   -1.162    8.674    9.689   10.799
            0.373333  0.603832  0.000000
  -15.156  -13.665  -11.952   -2.686   -1.165    8.677    9.690   10.755
            0.373333  0.609836  0.000000
  -15.147  -13.686  -11.935   -2.685   -1.165    8.683    9.691   10.701
            0.373333  0.615840  0.000000
  -15.139  -13.714  -11.908   -2.689   -1.160    8.692    9.693   10.637
            0.373333  0.621845  0.000000
  -15.133  -13.749  -11.871   -2.697   -1.152    8.705    9.694   10.566
            0.373333  0.627849  0.000000
  -15.127  -13.788  -11.826   -2.710   -1.140    8.722    9.693   10.490
            0.373333  0.633854  0.000000
  -15.123  -13.831  -11.773   -2.728   -1.125    8.741    9.691   10.409
            0.373333  0.639858  0.000000
  -15.121  -13.877  -11.714   -2.750   -1.106    8.764    9.684   10.327
            0.373333  0.645863  0.000000
  -15.121  -13.924  -11.649   -2.776   -1.084    8.789    9.670   10.248
            0.373333  0.651867  0.000000
  -15.123  -13.971  -11.579   -2.806   -1.059    8.817    9.645   10.175
            0.373333  0.657872  0.000000
  -15.128  -14.018  -11.505   -2.840   -1.032    8.848    9.604   10.115
            0.373333  0.663876  0.000000
  -15.136  -14.063  -11.428   -2.876   -1.001    8.881    9.544   10.071
            0.373333  0.669880  0.000000
  -15.149  -14.104  -11.347   -2.916   -0.969    8.916    9.466   10.043
            0.373333  0.675885  0.000000
  -15.166  -14.142  -11.264   -2.958   -0.935    8.953    9.371   10.028
            0.378333  0.558683  0.000000
  -15.312  -13.709  -11.703   -2.895   -1.006    8.747    9.622   10.796
            0.378333  0.564687  0.000000
  -15.298  -13.676  -11.762   -2.866   -1.025    8.728    9.617   10.829
            0.378333  0.570692  0.000000
  -15.285  -13.647  -11.814   -2.840   -1.043    8.712    9.614   10.848
            0.378333  0.576696  0.000000
  -15.273  -13.624  -11.857   -2.817   -1.058    8.699    9.611   10.853
            0.378333  0.582701  0.000000
  -15.261  -13.607  -11.890   -2.798   -1.071    8.689    9.610   10.845
            0.378333  0.588705  0.000000
  -15.250  -13.598  -11.913   -2.783   -1.081    8.683    9.609   10.824
            0.378333  0.594709  0.000000
  -15.240  -13.597  -11.924   -2.771   -1.088    8.681    9.610   10.790
            0.378333  0.600714  0.000000
  -15.231  -13.605  -11.924   -2.763   -1.093    8.682    9.611   10.745
            0.378333  0.606718  0.000000
  -15.222  -13.622  -11.913   -2.760   -1.094    8.686    9.613   10.690
            0.378333  0.612723  0.000000
  -15.214  -13.646  -11.891   -2.760   -1.093    8.694    9.615   10.626
            0.378333  0.618727  0.000000
  -15.206  -13.678  -11.859   -2.765   -1.088    8.706    9.618   10.553
            0.378333  0.624732  0.000000
  -15.199  -13.716  -11.817   -2.773   -1.081    8.720    9.619   10.474
            0.378333  0.630736  0.000000
  -15.194  -13.758  -11.768   -2.786   -1.070    8.738    9.620   10.390
            0.378333  0.636741  0.000000
  -15.189  -13.805  -11.711   -2.802   -1.057    8.760    9.617   10.304
            0.378333  0.642745  0.000000
  -15.186  -13.854  -11.649   -2.822   -1.040    8.784    9.610   10.218
            0.378333  0.648749  0.000000
  -15.184  -13.905  -11.581   -2.846   -1.021    8.811    9.594   10.137
            0.378333  0.654754  0.000000
  -15.184  -13.956  -11.509   -2.873   -1.000    8.841    9.565   10.066
            0.378333  0.660758  0.000000
  -15.187  -14.007  -11.433   -2.904   -0.976    8.874    9.517   10.011
            0.378333  0.666763  0.000000
  -15.192  -14.055  -11.353   -2.937   -0.950    8.909    9.448    9.974
            0.378333  0.672767  0.000000
  -15.201  -14.101  -11.271   -2.974   -0.922    8.945    9.361    9.954
            0.378333  0.678772  0.000000
  -15.214  -14.144  -11.187   -3.012   -0.891    8.984    9.259    9.947
            0.383333  0.561569  0.000000
  -15.368  -13.652  -11.694   -2.945   -0.956    8.745    9.533   10.825
            0.383333  0.567574  0.000000
  -15.356  -13.618  -11.750   -2.920   -0.971    8.727    9.529   10.843
            0.383333  0.573578  0.000000
  -15.345  -13.589  -11.798   -2.899   -0.985    8.712    9.526   10.847
            0.383333  0.579583  0.000000
  -15.335  -13.567  -11.837   -2.880   -0.996    8.701    9.524   10.838
            0.383333  0.585587  0.000000
  -15.325  -13.552  -11.866   -2.864   -1.006    8.693    9.524   10.816
            0.383333  0.591592  0.000000
  -15.315  -13.545  -11.884   -2.852   -1.013    8.688    9.524   10.782
            0.383333  0.597596  0.000000
  -15.306  -13.547  -11.891   -2.843   -1.019    8.688    9.525   10.737
            0.383333  0.603601  0.000000
  -15.298  -13.558  -11.885   -2.837   -1.022    8.690    9.527   10.681
            0.383333  0.609605  0.000000
  -15.289  -13.579  -11.869   -2.835   -1.022    8.697    9.530   10.616
            0.383333  0.615609  0.000000
  -15.281  -13.607  -11.842   -2.836   -1.021    8.706    9.533   10.542
            0.383333  0.621614  0.000000
  -15.274  -13.642  -11.805   -2.841   -1.016    8.719    9.537   10.462
            0.383333  0.627618  0.000000
  -15.267  -13.684  -11.759   -2.849   -1.010    8.736    9.539   10.376
            0.383333  0.633623  0.000000
  -15.261  -13.730  -11.705   -2.861   -1.001    8.756    9.540   10.286
            0.383333  0.639627  0.000000
  -15.256  -13.780  -11.646   -2.876   -0.989    8.779    9.538   10.194
            0.383333  0.645632  0.000000
  -15.251  -13.833  -11.580   -2.894   -0.975    8.805    9.530   10.105
            0.383333  0.651636  0.000000
  -15.248  -13.887  -11.510   -2.916   -0.959    8.834    9.512   10.023
            0.383333  0.657641  0.000000
  -15.246  -13.941  -11.435   -2.941   -0.941    8.866    9.478    9.954
            0.383333  0.663645  0.000000
  -15.247  -13.995  -11.357   -2.968   -0.920    8.900    9.423    9.904
            0.383333  0.669649  0.000000
  -15.250  -14.047  -11.276   -2.999   -0.898    8.937    9.346    9.874
            0.383333  0.675654  0.000000
  -15.255  -14.097  -11.193   -3.032   -0.873    8.975    9.251    9.862
            0.383333  0.681658  0.000000
  -15.264  -14.144  -11.108   -3.067   -0.847    9.016    9.143    9.860
