 &plot nbnd=   8, nks=   441 /
            0.283333  0.523464  0.000000
  -16.002  -13.069  -11.141   -3.753   -0.670    7.080    8.314    8.396
            0.283333  0.529815  0.000000
  -15.928  -13.100  -11.220   -3.669   -0.743    7.060    8.326    8.517
            0.283333  0.536166  0.000000
  -15.854  -13.132  -11.294   -3.585   -0.817    7.040    8.332    8.638
            0.283333  0.542517  0.000000
  -15.780  -13.167  -11.364   -3.501   -0.892    7.021    8.335    8.760
            0.283333  0.548868  0.000000
  -15.707  -13.205  -11.427   -3.417   -0.967    7.002    8.334    8.882
            0.283333  0.555219  0.000000
  -15.634  -13.245  -11.486   -3.332   -1.043    6.984    8.331    9.004
            0.283333  0.561569  0.000000
  -15.561  -13.289  -11.537   -3.247   -1.120    6.967    8.327    9.125
            0.283333  0.567920  0.000000
  -15.488  -13.336  -11.583   -3.162   -1.197    6.950    8.322    9.246
            0.283333  0.574271  0.000000
  -15.417  -13.387  -11.622   -3.077   -1.275    6.934    8.316    9.365
            0.283333  0.580622  0.000000
  -15.346  -13.442  -11.654   -2.991   -1.353    6.919    8.311    9.482
            0.283333  0.586973  0.000000
  -15.276  -13.500  -11.679   -2.906   -1.432    6.905    8.307    9.596
            0.283333  0.593324  0.000000
  -15.207  -13.561  -11.698   -2.820   -1.512    6.891    8.303    9.706
            0.283333  0.599675  0.000000
  -15.139  -13.625  -11.710   -2.734   -1.592    6.879    8.301    9.812
            0.283333  0.606025  0.000000
  -15.072  -13.692  -11.715   -2.648   -1.672    6.867    8.300    9.911
            0.283333  0.612376  0.000000
  -15.008  -13.760  -11.715   -2.562   -1.753    6.856    8.301   10.003
            0.283333  0.618727  0.000000
  -14.945  -13.830  -11.708   -2.476   -1.834    6.845    8.303   10.085
            0.283333  0.625078  0.000000
  -14.886  -13.899  -11.696   -2.390   -1.916    6.836    8.308   10.156
            0.283333  0.631429  0.000000
  -14.831  -13.968  -11.678   -2.306   -1.996    6.827    8.314   10.213
            0.283333  0.637780  0.000000
  -14.781  -14.033  -11.655   -2.225   -2.074    6.819    8.323   10.255
            0.283333  0.644131  0.000000
  -14.740  -14.092  -11.627   -2.191   -2.105    6.812    8.333   10.279
            0.283333  0.650481  0.000000
  -14.712  -14.141  -11.595   -2.258   -2.035    6.805    8.345   10.285
            0.288333  0.526351  0.000000
  -15.952  -13.121  -11.170   -3.701   -0.730    7.179    8.334    8.507
            0.288333  0.532702  0.000000
  -15.880  -13.148  -11.249   -3.618   -0.802    7.159    8.339    8.627
            0.288333  0.539053  0.000000
  -15.808  -13.177  -11.324   -3.536   -0.875    7.139    8.341    8.748
            0.288333  0.545404  0.000000
  -15.736  -13.209  -11.393   -3.452   -0.948    7.120    8.339    8.869
            0.288333  0.551755  0.000000
  -15.664  -13.243  -11.458   -3.369   -1.022    7.102    8.335    8.991
            0.288333  0.558105  0.000000
  -15.593  -13.280  -11.516   -3.285   -1.096    7.084    8.329    9.111
            0.288333  0.564456  0.000000
  -15.522  -13.320  -11.568   -3.202   -1.171    7.067    8.322    9.231
            0.288333  0.570807  0.000000
  -15.452  -13.364  -11.614   -3.117   -1.247    7.051    8.314    9.350
            0.288333  0.577158  0.000000
  -15.383  -13.411  -11.652   -3.033   -1.324    7.035    8.307    9.467
            0.288333  0.583509  0.000000
  -15.315  -13.463  -11.684   -2.949   -1.400    7.021    8.301    9.581
            0.288333  0.589860  0.000000
  -15.247  -13.517  -11.708   -2.864   -1.478    7.007    8.296    9.691
            0.288333  0.596211  0.000000
  -15.181  -13.575  -11.726   -2.779   -1.556    6.993    8.292    9.797
            0.288333  0.602561  0.000000
  -15.117  -13.636  -11.736   -2.695   -1.635    6.981    8.289    9.897
            0.288333  0.608912  0.000000
  -15.054  -13.700  -11.740   -2.610   -1.714    6.969    8.288    9.990
            0.288333  0.615263  0.000000
  -14.993  -13.765  -11.738   -2.525   -1.794    6.958    8.290   10.073
            0.288333  0.621614  0.000000
  -14.935  -13.831  -11.729   -2.440   -1.874    6.948    8.293   10.145
            0.288333  0.627965  0.000000
  -14.880  -13.898  -11.714   -2.355   -1.955    6.938    8.298   10.204
            0.288333  0.634316  0.000000
  -14.830  -13.962  -11.694   -2.271   -2.036    6.930    8.305   10.248
            0.288333  0.640666  0.000000
  -14.787  -14.024  -11.668   -2.187   -2.116    6.922    8.314   10.275
            0.288333  0.647017  0.000000
  -14.752  -14.078  -11.637   -2.202   -2.098    6.914    8.325   10.285
            0.288333  0.653368  0.000000
  -14.730  -14.123  -11.602   -2.283   -2.014    6.907    8.338   10.276
            0.293333  0.529238  0.000000
  -15.906  -13.170  -11.197   -3.652   -0.787    7.274    8.349    8.619
            0.293333  0.535589  0.000000
  -15.835  -13.194  -11.276   -3.570   -0.858    7.255    8.350    8.739
            0.293333  0.541940  0.000000
  -15.765  -13.219  -11.351   -3.489   -0.929    7.236    8.346    8.859
            0.293333  0.548290  0.000000
  -15.695  -13.247  -11.421   -3.407   -1.000    7.217    8.341    8.979
            0.293333  0.554641  0.000000
  -15.625  -13.278  -11.486   -3.324   -1.073    7.199    8.333    9.099
            0.293333  0.560992  0.000000
  -15.556  -13.311  -11.544   -3.242   -1.145    7.182    8.324    9.219
            0.293333  0.567343  0.000000
  -15.488  -13.348  -11.596   -3.159   -1.219    7.165    8.315    9.337
            0.293333  0.573694  0.000000
  -15.420  -13.388  -11.641   -3.077   -1.293    7.149    8.306    9.453
            0.293333  0.580045  0.000000
  -15.354  -13.432  -11.680   -2.994   -1.367    7.134    8.298    9.567
            0.293333  0.586396  0.000000
  -15.288  -13.480  -11.711   -2.911   -1.443    7.119    8.291    9.678
            0.293333  0.592746  0.000000
  -15.224  -13.531  -11.734   -2.828   -1.518    7.105    8.285    9.784
            0.293333  0.599097  0.000000
  -15.161  -13.586  -11.750   -2.745   -1.595    7.092    8.281    9.884
            0.293333  0.605448  0.000000
  -15.100  -13.644  -11.759   -2.662   -1.671    7.080    8.279    9.978
            0.293333  0.611799  0.000000
  -15.041  -13.704  -11.761   -2.580   -1.748    7.068    8.278   10.062
            0.293333  0.618150  0.000000
  -14.985  -13.766  -11.756   -2.497   -1.825    7.058    8.280   10.136
            0.293333  0.624501  0.000000
  -14.931  -13.829  -11.745   -2.416   -1.902    7.047    8.283   10.196
            0.293333  0.630852  0.000000
  -14.881  -13.892  -11.728   -2.336   -1.978    7.038    8.289   10.242
            0.293333  0.637202  0.000000
  -14.836  -13.954  -11.705   -2.262   -2.048    7.029    8.297   10.272
            0.293333  0.643553  0.000000
  -14.798  -14.011  -11.676   -2.218   -2.089    7.021    8.307   10.284
            0.293333  0.649904  0.000000
  -14.769  -14.062  -11.643   -2.254   -2.051    7.013    8.319   10.279
            0.293333  0.656255  0.000000
  -14.752  -14.103  -11.604   -2.324   -1.978    7.006    8.334   10.256
            0.298333  0.532125  0.000000
  -15.862  -13.215  -11.222   -3.606   -0.841    7.367    8.361    8.731
            0.298333  0.538475  0.000000
  -15.793  -13.235  -11.302   -3.526   -0.910    7.348    8.357    8.850
            0.298333  0.544826  0.000000
  -15.725  -13.258  -11.377   -3.445   -0.979    7.329    8.349    8.970
            0.298333  0.551177  0.000000
  -15.657  -13.282  -11.447   -3.364   -1.049    7.311    8.340    9.089
            0.298333  0.557528  0.000000
  -15.590  -13.309  -11.511   -3.284   -1.119    7.293    8.330    9.208
            0.298333  0.563879  0.000000
  -15.523  -13.338  -11.570   -3.203   -1.190    7.276    8.319    9.326
            0.298333  0.570230  0.000000
  -15.458  -13.371  -11.622   -3.122   -1.262    7.260    8.308    9.442
            0.298333  0.576581  0.000000
  -15.393  -13.408  -11.667   -3.041   -1.334    7.244    8.298    9.555
            0.298333  0.582931  0.000000
  -15.329  -13.448  -11.704   -2.960   -1.406    7.229    8.289    9.666
            0.298333  0.589282  0.000000
  -15.267  -13.493  -11.734   -2.879   -1.479    7.215    8.282    9.772
            0.298333  0.595633  0.000000
  -15.206  -13.541  -11.757   -2.798   -1.552    7.201    8.276    9.873
            0.298333  0.601984  0.000000
  -15.147  -13.592  -11.771   -2.718   -1.626    7.188    8.271    9.967
            0.298333  0.608335  0.000000
  -15.090  -13.647  -11.779   -2.638   -1.700    7.176    8.269   10.052
            0.298333  0.614686  0.000000
  -15.035  -13.704  -11.778   -2.559   -1.773    7.164    8.269   10.127
            0.298333  0.621037  0.000000
  -14.982  -13.764  -11.771   -2.481   -1.846    7.154    8.271   10.189
            0.298333  0.627387  0.000000
  -14.933  -13.824  -11.757   -2.407   -1.916    7.143    8.276   10.237
            0.298333  0.633738  0.000000
  -14.888  -13.884  -11.737   -2.338   -1.980    7.134    8.282   10.269
            0.298333  0.640089  0.000000
  -14.848  -13.942  -11.711   -2.287   -2.028    7.125    8.291   10.284
            0.298333  0.646440  0.000000
  -14.815  -13.996  -11.680   -2.275   -2.037    7.116    8.302   10.281
            0.298333  0.652791  0.000000
  -14.791  -14.045  -11.643   -2.312   -1.997    7.108    8.316   10.262
            0.298333  0.659142  0.000000
  -14.778  -14.084  -11.601   -2.373   -1.934    7.101    8.331   10.226
            0.303333  0.535011  0.000000
  -15.821  -13.257  -11.246   -3.563   -0.891    7.456    8.369    8.844
            0.303333  0.541362  0.000000
  -15.755  -13.274  -11.325   -3.484   -0.958    7.438    8.361    8.962
            0.303333  0.547713  0.000000
  -15.689  -13.292  -11.401   -3.405   -1.025    7.419    8.350    9.081
            0.303333  0.554064  0.000000
  -15.623  -13.313  -11.471   -3.326   -1.093    7.401    8.338    9.199
            0.303333  0.560415  0.000000
  -15.559  -13.336  -11.535   -3.247   -1.161    7.384    8.326    9.316
            0.303333  0.566766  0.000000
  -15.495  -13.362  -11.594   -3.168   -1.230    7.367    8.313    9.431
            0.303333  0.573116  0.000000
  -15.432  -13.391  -11.645   -3.089   -1.299    7.351    8.301    9.545
            0.303333  0.579467  0.000000
  -15.370  -13.424  -11.689   -3.010   -1.369    7.336    8.290    9.655
            0.303333  0.585818  0.000000
  -15.310  -13.461  -11.726   -2.932   -1.439    7.321    8.281    9.762
            0.303333  0.592169  0.000000
  -15.251  -13.501  -11.755   -2.853   -1.509    7.307    8.273    9.863
            0.303333  0.598520  0.000000
  -15.194  -13.546  -11.776   -2.776   -1.579    7.293    8.267    9.957
            0.303333  0.604871  0.000000
  -15.138  -13.595  -11.789   -2.699   -1.649    7.280    8.263   10.043
            0.303333  0.611222  0.000000
  -15.085  -13.646  -11.794   -2.623   -1.719    7.268    8.261   10.119
            0.303333  0.617572  0.000000
  -15.034  -13.701  -11.792   -2.549   -1.787    7.257    8.261   10.183
            0.303333  0.623923  0.000000
  -14.986  -13.757  -11.782   -2.479   -1.852    7.246    8.264   10.232
            0.303333  0.630274  0.000000
  -14.941  -13.815  -11.765   -2.415   -1.912    7.236    8.270   10.266
            0.303333  0.636625  0.000000
  -14.900  -13.872  -11.742   -2.362   -1.961    7.226    8.277   10.283
            0.303333  0.642976  0.000000
  -14.865  -13.928  -11.713   -2.332   -1.987    7.216    8.287   10.282
            0.303333  0.649327  0.000000
  -14.836  -13.980  -11.678   -2.336   -1.981    7.208    8.300   10.266
            0.303333  0.655678  0.000000
  -14.816  -14.026  -11.638   -2.371   -1.943    7.199    8.314   10.233
            0.303333  0.662028  0.000000
  -14.806  -14.064  -11.593   -2.426   -1.887    7.191    8.331   10.187
            0.308333  0.537898  0.000000
  -15.785  -13.294  -11.267   -3.524   -0.937    7.542    8.375    8.957
            0.308333  0.544249  0.000000
  -15.720  -13.307  -11.347   -3.447   -1.002    7.524    8.363    9.074
            0.308333  0.550600  0.000000
  -15.657  -13.322  -11.423   -3.369   -1.067    7.506    8.349    9.192
            0.308333  0.556951  0.000000
  -15.594  -13.339  -11.493   -3.292   -1.132    7.488    8.335    9.308
            0.308333  0.563302  0.000000
  -15.532  -13.358  -11.557   -3.215   -1.198    7.471    8.321    9.423
            0.308333  0.569652  0.000000
  -15.471  -13.380  -11.615   -3.139   -1.264    7.455    8.307    9.536
            0.308333  0.576003  0.000000
  -15.412  -13.406  -11.666   -3.062   -1.331    7.439    8.294    9.646
            0.308333  0.582354  0.000000
  -15.353  -13.435  -11.709   -2.986   -1.398    7.424    8.283    9.753
            0.308333  0.588705  0.000000
  -15.296  -13.468  -11.745   -2.910   -1.464    7.409    8.273    9.854
            0.308333  0.595056  0.000000
  -15.241  -13.505  -11.773   -2.835   -1.531    7.395    8.265    9.949
            0.308333  0.601407  0.000000
  -15.187  -13.547  -11.792   -2.761   -1.597    7.382    8.259   10.035
            0.308333  0.607758  0.000000
  -15.136  -13.593  -11.803   -2.689   -1.663    7.369    8.255   10.112
            0.308333  0.614108  0.000000
  -15.086  -13.641  -11.806   -2.619   -1.727    7.357    8.254   10.177
            0.308333  0.620459  0.000000
  -15.039  -13.693  -11.801   -2.552   -1.788    7.345    8.255   10.227
            0.308333  0.626810  0.000000
  -14.995  -13.747  -11.788   -2.491   -1.844    7.334    8.259   10.262
            0.308333  0.633161  0.000000
  -14.954  -13.803  -11.768   -2.439   -1.892    7.323    8.265   10.281
            0.308333  0.639512  0.000000
  -14.918  -13.858  -11.742   -2.401   -1.926    7.313    8.274   10.283
            0.308333  0.645863  0.000000
  -14.886  -13.912  -11.710   -2.386   -1.938    7.303    8.285   10.268
            0.308333  0.652213  0.000000
  -14.862  -13.962  -11.671   -2.397   -1.925    7.294    8.299   10.238
            0.308333  0.658564  0.000000
  -14.845  -14.008  -11.628   -2.431   -1.889    7.285    8.314   10.195
            0.308333  0.664915  0.000000
  -14.837  -14.046  -11.580   -2.481   -1.838    7.276    8.332   10.139
            0.313333  0.540785  0.000000
  -15.752  -13.327  -11.288   -3.489   -0.979    7.624    8.378    9.070
            0.313333  0.547136  0.000000
  -15.690  -13.336  -11.368   -3.413   -1.041    7.606    8.363    9.186
            0.313333  0.553487  0.000000
  -15.629  -13.347  -11.443   -3.338   -1.103    7.588    8.347    9.302
            0.313333  0.559837  0.000000
  -15.569  -13.360  -11.513   -3.264   -1.166    7.571    8.331    9.416
            0.313333  0.566188  0.000000
  -15.511  -13.375  -11.576   -3.189   -1.229    7.554    8.315    9.529
            0.313333  0.572539  0.000000
  -15.453  -13.394  -11.634   -3.115   -1.293    7.538    8.300    9.639
            0.313333  0.578890  0.000000
  -15.397  -13.415  -11.684   -3.041   -1.356    7.522    8.287    9.745
            0.313333  0.585241  0.000000
  -15.342  -13.441  -11.727   -2.968   -1.419    7.507    8.275    9.846
            0.313333  0.591592  0.000000
  -15.288  -13.471  -11.761   -2.896   -1.483    7.493    8.265    9.941
            0.313333  0.597943  0.000000
  -15.237  -13.505  -11.787   -2.825   -1.545    7.479    8.257   10.028
            0.313333  0.604293  0.000000
  -15.187  -13.544  -11.804   -2.756   -1.607    7.465    8.252   10.105
            0.313333  0.610644  0.000000
  -15.139  -13.586  -11.813   -2.689   -1.667    7.453    8.249   10.170
            0.313333  0.616995  0.000000
  -15.093  -13.633  -11.813   -2.626   -1.724    7.440    8.248   10.222
            0.313333  0.623346  0.000000
  -15.050  -13.683  -11.805   -2.567   -1.777    7.428    8.250   10.258
            0.313333  0.629697  0.000000
  -15.010  -13.735  -11.790   -2.516   -1.824    7.417    8.255   10.278
            0.313333  0.636048  0.000000
  -14.973  -13.788  -11.767   -2.475   -1.860    7.406    8.262   10.281
            0.313333  0.642399  0.000000
  -14.940  -13.842  -11.737   -2.450   -1.882    7.395    8.272   10.268
            0.313333  0.648749  0.000000
  -14.912  -13.894  -11.701   -2.444   -1.885    7.385    8.285   10.241
            0.313333  0.655100  0.000000
  -14.891  -13.944  -11.660   -2.459   -1.868    7.375    8.300   10.200
            0.313333  0.661451  0.000000
  -14.876  -13.989  -11.613   -2.491   -1.834    7.364    8.317   10.147
            0.313333  0.667802  0.000000
  -14.871  -14.028  -11.562   -2.537   -1.788    7.354    8.336   10.084
            0.318333  0.543672  0.000000
  -15.723  -13.355  -11.307   -3.458   -1.015    7.701    8.379    9.182
            0.318333  0.550022  0.000000
  -15.665  -13.360  -11.386   -3.385   -1.074    7.684    8.362    9.297
            0.318333  0.556373  0.000000
  -15.607  -13.367  -11.461   -3.313   -1.134    7.666    8.344    9.411
            0.318333  0.562724  0.000000
  -15.550  -13.376  -11.530   -3.240   -1.194    7.649    8.326    9.523
            0.318333  0.569075  0.000000
  -15.495  -13.387  -11.594   -3.169   -1.254    7.633    8.309    9.632
            0.318333  0.575426  0.000000
  -15.440  -13.402  -11.651   -3.097   -1.314    7.617    8.294    9.738
            0.318333  0.581777  0.000000
  -15.387  -13.420  -11.700   -3.027   -1.374    7.601    8.280    9.839
            0.318333  0.588128  0.000000
  -15.336  -13.442  -11.741   -2.958   -1.434    7.586    8.268    9.934
            0.318333  0.594478  0.000000
  -15.286  -13.468  -11.774   -2.890   -1.493    7.572    8.258   10.021
            0.318333  0.600829  0.000000
  -15.238  -13.500  -11.798   -2.824   -1.551    7.558    8.251   10.098
            0.318333  0.607180  0.000000
  -15.192  -13.536  -11.813   -2.760   -1.607    7.544    8.246   10.164
            0.318333  0.613531  0.000000
  -15.148  -13.576  -11.819   -2.699   -1.661    7.531    8.244   10.216
            0.318333  0.619882  0.000000
  -15.106  -13.621  -11.817   -2.643   -1.711    7.519    8.244   10.252
            0.318333  0.626233  0.000000
  -15.066  -13.669  -11.806   -2.593   -1.756    7.507    8.247   10.272
            0.318333  0.632584  0.000000
  -15.030  -13.719  -11.787   -2.551   -1.793    7.495    8.253   10.277
            0.318333  0.638934  0.000000
  -14.996  -13.772  -11.761   -2.520   -1.820    7.483    8.261   10.265
            0.318333  0.645285  0.000000
  -14.967  -13.824  -11.728   -2.504   -1.833    7.472    8.272   10.240
            0.318333  0.651636  0.000000
  -14.942  -13.876  -11.688   -2.505   -1.830    7.461    8.286   10.201
            0.318333  0.657987  0.000000
  -14.923  -13.926  -11.643   -2.521   -1.812    7.449    8.302   10.151
            0.318333  0.664338  0.000000
  -14.910  -13.972  -11.593   -2.552   -1.780    7.438    8.321   10.090
            0.318333  0.670689  0.000000
  -14.906  -14.012  -11.539   -2.594   -1.738    7.426    8.342   10.022
            0.323333  0.546558  0.000000
  -15.700  -13.377  -11.324   -3.432   -1.046    7.774    8.378    9.294
            0.323333  0.552909  0.000000
  -15.644  -13.379  -11.403   -3.362   -1.102    7.756    8.359    9.407
            0.323333  0.559260  0.000000
  -15.590  -13.382  -11.477   -3.292   -1.159    7.739    8.339    9.518
            0.323333  0.565611  0.000000
  -15.536  -13.387  -11.546   -3.223   -1.216    7.722    8.321    9.627
            0.323333  0.571962  0.000000
  -15.484  -13.394  -11.609   -3.154   -1.272    7.706    8.303    9.732
            0.323333  0.578313  0.000000
  -15.433  -13.405  -11.665   -3.087   -1.329    7.690    8.287    9.833
            0.323333  0.584664  0.000000
  -15.384  -13.419  -11.713   -3.020   -1.385    7.675    8.274    9.927
            0.323333  0.591014  0.000000
  -15.336  -13.438  -11.753   -2.955   -1.440    7.660    8.262   10.014
            0.323333  0.597365  0.000000
  -15.290  -13.462  -11.784   -2.892   -1.495    7.645    8.252   10.091
            0.323333  0.603716  0.000000
  -15.245  -13.490  -11.806   -2.831   -1.548    7.631    8.246   10.156
            0.323333  0.610067  0.000000
  -15.203  -13.524  -11.818   -2.773   -1.598    7.618    8.241   10.207
            0.323333  0.616418  0.000000
  -15.162  -13.563  -11.822   -2.718   -1.646    7.605    8.240   10.243
            0.323333  0.622769  0.000000
  -15.124  -13.606  -11.816   -2.670   -1.689    7.592    8.241   10.264
            0.323333  0.629119  0.000000
  -15.088  -13.652  -11.802   -2.627   -1.726    7.579    8.245   10.268
            0.323333  0.635470  0.000000
  -15.054  -13.702  -11.779   -2.594   -1.755    7.567    8.252   10.258
            0.323333  0.641821  0.000000
  -15.024  -13.754  -11.750   -2.572   -1.774    7.554    8.262   10.233
            0.323333  0.648172  0.000000
  -14.998  -13.806  -11.713   -2.562   -1.780    7.542    8.274   10.197
            0.323333  0.654523  0.000000
  -14.975  -13.858  -11.670   -2.566   -1.774    7.530    8.289   10.149
            0.323333  0.660874  0.000000
  -14.958  -13.908  -11.622   -2.583   -1.756    7.517    8.307   10.092
            0.323333  0.667225  0.000000
  -14.947  -13.955  -11.569   -2.612   -1.726    7.503    8.327   10.027
            0.323333  0.673575  0.000000
  -14.943  -13.996  -11.511   -2.651   -1.687    7.489    8.349    9.954
            0.328333  0.549445  0.000000
  -15.682  -13.394  -11.339   -3.412   -1.071    7.840    8.376    9.404
            0.328333  0.555796  0.000000
  -15.630  -13.391  -11.418   -3.345   -1.124    7.823    8.355    9.514
            0.328333  0.562147  0.000000
  -15.578  -13.390  -11.492   -3.278   -1.178    7.806    8.334    9.622
            0.328333  0.568498  0.000000
  -15.528  -13.391  -11.560   -3.212   -1.231    7.790    8.315    9.727
            0.328333  0.574849  0.000000
  -15.479  -13.395  -11.622   -3.147   -1.284    7.774    8.297    9.827
            0.328333  0.581199  0.000000
  -15.432  -13.402  -11.677   -3.083   -1.336    7.758    8.281    9.921
            0.328333  0.587550  0.000000
  -15.386  -13.413  -11.724   -3.021   -1.388    7.743    8.268   10.007
            0.328333  0.593901  0.000000
  -15.342  -13.429  -11.762   -2.960   -1.439    7.728    8.256   10.082
            0.328333  0.600252  0.000000
  -15.299  -13.450  -11.791   -2.902   -1.488    7.713    8.247   10.146
            0.328333  0.606603  0.000000
  -15.258  -13.476  -11.810   -2.846   -1.536    7.699    8.241   10.196
            0.328333  0.612954  0.000000
  -15.219  -13.508  -11.820   -2.794   -1.581    7.686    8.238   10.231
            0.328333  0.619305  0.000000
  -15.182  -13.546  -11.820   -2.746   -1.622    7.672    8.237   10.250
            0.328333  0.625655  0.000000
  -15.147  -13.588  -11.811   -2.704   -1.658    7.659    8.239   10.254
            0.328333  0.632006  0.000000
  -15.114  -13.634  -11.793   -2.670   -1.688    7.645    8.245   10.243
            0.328333  0.638357  0.000000
  -15.083  -13.683  -11.767   -2.643   -1.710    7.632    8.253   10.220
            0.328333  0.644708  0.000000
  -15.056  -13.735  -11.734   -2.627   -1.723    7.619    8.264   10.186
            0.328333  0.651059  0.000000
  -15.031  -13.787  -11.694   -2.621   -1.726    7.605    8.278   10.141
            0.328333  0.657410  0.000000
  -15.011  -13.840  -11.648   -2.628   -1.718    7.591    8.294   10.087
            0.328333  0.663761  0.000000
  -14.995  -13.890  -11.596   -2.645   -1.700    7.577    8.313   10.026
            0.328333  0.670111  0.000000
  -14.985  -13.938  -11.539   -2.672   -1.673    7.561    8.335    9.957
            0.328333  0.676462  0.000000
  -14.981  -13.982  -11.479   -2.708   -1.637    7.545    8.359    9.883
            0.333333  0.552332  0.000000
  -15.670  -13.404  -11.353   -3.398   -1.090    7.901    8.373    9.511
            0.333333  0.558683  0.000000
  -15.620  -13.398  -11.431   -3.333   -1.140    7.885    8.350    9.618
            0.333333  0.565034  0.000000
  -15.572  -13.393  -11.505   -3.270   -1.189    7.868    8.329    9.722
            0.333333  0.571384  0.000000
  -15.526  -13.390  -11.572   -3.207   -1.239    7.852    8.309    9.821
            0.333333  0.577735  0.000000
  -15.481  -13.390  -11.633   -3.146   -1.288    7.836    8.291    9.913
            0.333333  0.584086  0.000000
  -15.437  -13.394  -11.686   -3.086   -1.336    7.820    8.275    9.998
            0.333333  0.590437  0.000000
  -15.394  -13.402  -11.731   -3.028   -1.384    7.805    8.262   10.072
            0.333333  0.596788  0.000000
  -15.354  -13.415  -11.767   -2.972   -1.430    7.790    8.251   10.133
            0.333333  0.603139  0.000000
  -15.314  -13.434  -11.794   -2.919   -1.474    7.775    8.243   10.180
            0.333333  0.609490  0.000000
  -15.277  -13.459  -11.811   -2.869   -1.516    7.761    8.238   10.212
            0.333333  0.615840  0.000000
  -15.241  -13.490  -11.817   -2.823   -1.555    7.747    8.235   10.229
            0.333333  0.622191  0.000000
  -15.206  -13.526  -11.814   -2.782   -1.590    7.733    8.236   10.231
            0.333333  0.628542  0.000000
  -15.174  -13.568  -11.801   -2.746   -1.621    7.719    8.239   10.221
            0.333333  0.634893  0.000000
  -15.144  -13.614  -11.780   -2.717   -1.645    7.705    8.246   10.199
            0.333333  0.641244  0.000000
  -15.116  -13.663  -11.750   -2.696   -1.662    7.691    8.255   10.166
            0.333333  0.647595  0.000000
  -15.091  -13.715  -11.713   -2.685   -1.671    7.676    8.268   10.124
            0.333333  0.653946  0.000000
  -15.068  -13.768  -11.670   -2.682   -1.671    7.661    8.283   10.074
            0.333333  0.660296  0.000000
  -15.050  -13.821  -11.620   -2.690   -1.662    7.645    8.301   10.016
            0.333333  0.666647  0.000000
  -15.035  -13.874  -11.565   -2.707   -1.645    7.628    8.322    9.952
            0.333333  0.672998  0.000000
  -15.025  -13.923  -11.506   -2.732   -1.620    7.610    8.345    9.882
            0.333333  0.679349  0.000000
  -15.021  -13.969  -11.442   -2.765   -1.587    7.591    8.370    9.808
            0.338333  0.555219  0.000000
  -15.663  -13.408  -11.365   -3.389   -1.102    7.956    8.368    9.614
            0.338333  0.561569  0.000000
  -15.617  -13.398  -11.443   -3.328   -1.148    7.939    8.345    9.717
            0.338333  0.567920  0.000000
  -15.573  -13.389  -11.515   -3.268   -1.194    7.923    8.323    9.814
            0.338333  0.574271  0.000000
  -15.530  -13.382  -11.582   -3.210   -1.240    7.907    8.303    9.905
            0.338333  0.580622  0.000000
  -15.488  -13.379  -11.641   -3.152   -1.285    7.891    8.285    9.987
            0.338333  0.586973  0.000000
  -15.447  -13.380  -11.693   -3.097   -1.329    7.876    8.270   10.058
            0.338333  0.593324  0.000000
  -15.408  -13.386  -11.736   -3.043   -1.372    7.860    8.257   10.115
            0.338333  0.599675  0.000000
  -15.371  -13.397  -11.770   -2.992   -1.413    7.845    8.247   10.158
            0.338333  0.606025  0.000000
  -15.334  -13.414  -11.794   -2.944   -1.453    7.831    8.239   10.186
            0.338333  0.612376  0.000000
  -15.300  -13.438  -11.807   -2.899   -1.490    7.816    8.235   10.199
            0.338333  0.618727  0.000000
  -15.267  -13.468  -11.811   -2.859   -1.523    7.801    8.234   10.199
            0.338333  0.625078  0.000000
  -15.235  -13.504  -11.804   -2.823   -1.553    7.787    8.235   10.188
            0.338333  0.631429  0.000000
  -15.206  -13.546  -11.787   -2.793   -1.578    7.772    8.240   10.167
            0.338333  0.637780  0.000000
  -15.178  -13.593  -11.762   -2.769   -1.598    7.757    8.248   10.136
            0.338333  0.644131  0.000000
  -15.152  -13.643  -11.729   -2.753   -1.611    7.742    8.259   10.097
            0.338333  0.650481  0.000000
  -15.129  -13.695  -11.688   -2.744   -1.617    7.725    8.273   10.050
            0.338333  0.656832  0.000000
  -15.108  -13.749  -11.641   -2.744   -1.615    7.708    8.289    9.997
            0.338333  0.663183  0.000000
  -15.090  -13.804  -11.588   -2.752   -1.606    7.690    8.309    9.937
            0.338333  0.669534  0.000000
  -15.076  -13.857  -11.530   -2.768   -1.590    7.671    8.331    9.872
            0.338333  0.675885  0.000000
  -15.067  -13.909  -11.468   -2.792   -1.567    7.649    8.356    9.803
            0.338333  0.682236  0.000000
  -15.062  -13.957  -11.401   -2.823   -1.537    7.626    8.383    9.731
            0.343333  0.558105  0.000000
  -15.662  -13.406  -11.376   -3.387   -1.108    8.004    8.363    9.711
            0.343333  0.564456  0.000000
  -15.620  -13.392  -11.453   -3.329   -1.150    7.987    8.339    9.806
            0.343333  0.570807  0.000000
  -15.579  -13.379  -11.524   -3.273   -1.193    7.971    8.317    9.894
            0.343333  0.577158  0.000000
  -15.539  -13.369  -11.590   -3.218   -1.234    7.955    8.297    9.973
            0.343333  0.583509  0.000000
  -15.500  -13.363  -11.648   -3.165   -1.275    7.939    8.279   10.039
            0.343333  0.589860  0.000000
  -15.463  -13.361  -11.698   -3.114   -1.315    7.924    8.264   10.091
            0.343333  0.596211  0.000000
  -15.427  -13.365  -11.738   -3.065   -1.353    7.909    8.252   10.129
            0.343333  0.602561  0.000000
  -15.393  -13.375  -11.770   -3.019   -1.390    7.894    8.243   10.151
            0.343333  0.608912  0.000000
  -15.360  -13.391  -11.790   -2.975   -1.425    7.879    8.237   10.160
            0.343333  0.615263  0.000000
  -15.328  -13.414  -11.801   -2.936   -1.457    7.864    8.233   10.157
            0.343333  0.621614  0.000000
  -15.297  -13.444  -11.800   -2.900   -1.486    7.849    8.233   10.145
            0.343333  0.627965  0.000000
  -15.268  -13.481  -11.789   -2.869   -1.511    7.833    8.236   10.124
            0.343333  0.634316  0.000000
  -15.241  -13.523  -11.769   -2.844   -1.532    7.818    8.242   10.095
            0.343333  0.640666  0.000000
  -15.215  -13.570  -11.740   -2.824   -1.547    7.801    8.251   10.058
            0.343333  0.647017  0.000000
  -15.191  -13.621  -11.703   -2.811   -1.557    7.784    8.264   10.015
            0.343333  0.653368  0.000000
  -15.169  -13.675  -11.659   -2.805   -1.561    7.766    8.279    9.966
            0.343333  0.659719  0.000000
  -15.150  -13.731  -11.608   -2.806   -1.559    7.747    8.297    9.911
            0.343333  0.666070  0.000000
  -15.133  -13.786  -11.552   -2.815   -1.550    7.726    8.319    9.852
            0.343333  0.672421  0.000000
  -15.120  -13.842  -11.491   -2.830   -1.535    7.703    8.342    9.788
            0.343333  0.678772  0.000000
  -15.110  -13.895  -11.425   -2.852   -1.514    7.678    8.369    9.721
            0.343333  0.685122  0.000000
  -15.105  -13.946  -11.356   -2.881   -1.488    7.651    8.397    9.653
            0.348333  0.560992  0.000000
  -15.667  -13.397  -11.385   -3.391   -1.107    8.044    8.356    9.796
            0.348333  0.567343  0.000000
  -15.628  -13.379  -11.461   -3.337   -1.146    8.028    8.332    9.880
            0.348333  0.573694  0.000000
  -15.590  -13.364  -11.531   -3.284   -1.184    8.012    8.310    9.954
            0.348333  0.580045  0.000000
  -15.554  -13.351  -11.595   -3.234   -1.222    7.996    8.291   10.014
            0.348333  0.586396  0.000000
  -15.519  -13.342  -11.651   -3.185   -1.258    7.981    8.274   10.060
            0.348333  0.592746  0.000000
  -15.484  -13.338  -11.699   -3.138   -1.294    7.965    8.259   10.090
            0.348333  0.599097  0.000000
  -15.451  -13.340  -11.738   -3.093   -1.328    7.950    8.248   10.106
            0.348333  0.605448  0.000000
  -15.420  -13.349  -11.766   -3.051   -1.360    7.935    8.240   10.110
            0.348333  0.611799  0.000000
  -15.389  -13.365  -11.783   -3.013   -1.391    7.919    8.234   10.105
            0.348333  0.618150  0.000000
  -15.360  -13.388  -11.790   -2.977   -1.418    7.904    8.232   10.091
            0.348333  0.624501  0.000000
  -15.332  -13.419  -11.785   -2.946   -1.443    7.888    8.233   10.070
            0.348333  0.630852  0.000000
  -15.305  -13.456  -11.771   -2.919   -1.465    7.872    8.238   10.043
            0.348333  0.637202  0.000000
  -15.279  -13.500  -11.746   -2.898   -1.482    7.855    8.245   10.009
            0.348333  0.643553  0.000000
  -15.255  -13.548  -11.713   -2.881   -1.495    7.837    8.256    9.970
            0.348333  0.649904  0.000000
  -15.233  -13.600  -11.672   -2.871   -1.503    7.819    8.270    9.924
            0.348333  0.656255  0.000000
  -15.212  -13.655  -11.625   -2.867   -1.505    7.798    8.287    9.874
            0.348333  0.662606  0.000000
  -15.194  -13.712  -11.571   -2.869   -1.503    7.776    8.307    9.820
            0.348333  0.668957  0.000000
  -15.177  -13.770  -11.511   -2.877   -1.494    7.752    8.329    9.761
            0.348333  0.675308  0.000000
  -15.164  -13.827  -11.447   -2.892   -1.481    7.726    8.355    9.700
            0.348333  0.681658  0.000000
  -15.154  -13.882  -11.379   -2.912   -1.462    7.697    8.383    9.637
            0.348333  0.688009  0.000000
  -15.148  -13.935  -11.308   -2.938   -1.438    7.664    8.413    9.573
            0.353333  0.563879  0.000000
  -15.678  -13.382  -11.392   -3.401   -1.099    8.077    8.349    9.862
            0.353333  0.570230  0.000000
  -15.642  -13.361  -11.467   -3.350   -1.134    8.061    8.325    9.930
            0.353333  0.576581  0.000000
  -15.608  -13.342  -11.536   -3.302   -1.169    8.045    8.303    9.983
            0.353333  0.582931  0.000000
  -15.574  -13.327  -11.598   -3.255   -1.202    8.029    8.284   10.020
            0.353333  0.589282  0.000000
  -15.542  -13.316  -11.653   -3.210   -1.235    8.014    8.268   10.042
            0.353333  0.595633  0.000000
  -15.510  -13.310  -11.698   -3.167   -1.267    7.999    8.255   10.052
            0.353333  0.601984  0.000000
  -15.480  -13.311  -11.734   -3.127   -1.297    7.983    8.244   10.052
            0.353333  0.608335  0.000000
  -15.451  -13.320  -11.759   -3.089   -1.325    7.968    8.237   10.044
            0.353333  0.614686  0.000000
  -15.423  -13.336  -11.773   -3.055   -1.352    7.952    8.233   10.029
            0.353333  0.621037  0.000000
  -15.395  -13.360  -11.775   -3.024   -1.376    7.936    8.232   10.009
            0.353333  0.627387  0.000000
  -15.369  -13.392  -11.767   -2.996   -1.397    7.920    8.235    9.982
            0.353333  0.633738  0.000000
  -15.344  -13.431  -11.748   -2.973   -1.415    7.902    8.240    9.951
            0.353333  0.640089  0.000000
  -15.320  -13.476  -11.719   -2.954   -1.430    7.884    8.249    9.914
            0.353333  0.646440  0.000000
  -15.298  -13.525  -11.682   -2.941   -1.440    7.865    8.262    9.872
            0.353333  0.652791  0.000000
  -15.277  -13.579  -11.638   -2.932   -1.447    7.844    8.277    9.827
            0.353333  0.659142  0.000000
  -15.257  -13.636  -11.586   -2.929   -1.449    7.821    8.295    9.777
            0.353333  0.665493  0.000000
  -15.239  -13.695  -11.529   -2.931   -1.446    7.796    8.317    9.723
            0.353333  0.671843  0.000000
  -15.223  -13.754  -11.467   -2.939   -1.439    7.769    8.341    9.667
            0.353333  0.678194  0.000000
  -15.210  -13.813  -11.400   -2.953   -1.427    7.738    8.368    9.610
            0.353333  0.684545  0.000000
  -15.200  -13.870  -11.330   -2.972   -1.410    7.704    8.398    9.551
            0.353333  0.690896  0.000000
  -15.193  -13.925  -11.256   -2.996   -1.389    7.665    8.430    9.492
            0.358333  0.566766  0.000000
  -15.694  -13.361  -11.398   -3.416   -1.085    8.101    8.341    9.899
            0.358333  0.573116  0.000000
  -15.662  -13.337  -11.472   -3.370   -1.116    8.085    8.317    9.944
            0.358333  0.579467  0.000000
  -15.630  -13.316  -11.539   -3.325   -1.147    8.070    8.296    9.972
            0.358333  0.585818  0.000000
  -15.599  -13.298  -11.599   -3.282   -1.177    8.054    8.278    9.988
            0.358333  0.592169  0.000000
  -15.570  -13.285  -11.652   -3.241   -1.206    8.039    8.262    9.992
            0.358333  0.598520  0.000000
  -15.541  -13.279  -11.694   -3.202   -1.234    8.024    8.250    9.989
            0.358333  0.604871  0.000000
  -15.513  -13.280  -11.727   -3.166   -1.260    8.008    8.241    9.978
            0.358333  0.611222  0.000000
  -15.486  -13.288  -11.748   -3.132   -1.285    7.993    8.235    9.962
            0.358333  0.617572  0.000000
  -15.460  -13.305  -11.758   -3.101   -1.308    7.977    8.232    9.941
            0.358333  0.623923  0.000000
  -15.435  -13.331  -11.756   -3.073   -1.329    7.960    8.232    9.915
            0.358333  0.630274  0.000000
  -15.410  -13.364  -11.744   -3.049   -1.347    7.943    8.236    9.885
            0.358333  0.636625  0.000000
  -15.387  -13.405  -11.720   -3.029   -1.363    7.924    8.244    9.851
            0.358333  0.642976  0.000000
  -15.364  -13.451  -11.688   -3.013   -1.376    7.905    8.254    9.812
            0.358333  0.649327  0.000000
  -15.343  -13.503  -11.647   -3.001   -1.385    7.883    8.268    9.770
            0.358333  0.655678  0.000000
  -15.322  -13.559  -11.599   -2.994   -1.390    7.860    8.285    9.724
            0.358333  0.662028  0.000000
  -15.304  -13.617  -11.544   -2.992   -1.392    7.835    8.305    9.674
            0.358333  0.668379  0.000000
  -15.286  -13.677  -11.483   -2.994   -1.390    7.806    8.328    9.623
            0.358333  0.674730  0.000000
  -15.271  -13.738  -11.418   -3.002   -1.383    7.774    8.354    9.570
            0.358333  0.681081  0.000000
  -15.257  -13.799  -11.349   -3.014   -1.373    7.739    8.383    9.517
            0.358333  0.687432  0.000000
  -15.247  -13.858  -11.277   -3.031   -1.359    7.699    8.414    9.464
            0.358333  0.693783  0.000000
  -15.239  -13.916  -11.201   -3.053   -1.340    7.655    8.448    9.412
            0.363333  0.569652  0.000000
  -15.716  -13.335  -11.402   -3.438   -1.065    8.116    8.331    9.899
            0.363333  0.576003  0.000000
  -15.686  -13.308  -11.474   -3.395   -1.093    8.101    8.309    9.920
            0.363333  0.582354  0.000000
  -15.657  -13.284  -11.540   -3.354   -1.120    8.086    8.288    9.929
            0.363333  0.588705  0.000000
  -15.629  -13.265  -11.598   -3.315   -1.146    8.071    8.271    9.929
            0.363333  0.595056  0.000000
  -15.602  -13.251  -11.648   -3.277   -1.172    8.056    8.256    9.922
            0.363333  0.601407  0.000000
  -15.575  -13.245  -11.687   -3.242   -1.196    8.041    8.245    9.909
            0.363333  0.607758  0.000000
  -15.550  -13.246  -11.716   -3.209   -1.219    8.025    8.237    9.892
            0.363333  0.614108  0.000000
  -15.525  -13.255  -11.734   -3.179   -1.241    8.009    8.232    9.871
            0.363333  0.620459  0.000000
  -15.500  -13.273  -11.740   -3.151   -1.261    7.993    8.231    9.845
            0.363333  0.626810  0.000000
  -15.477  -13.301  -11.734   -3.126   -1.279    7.976    8.233    9.816
            0.363333  0.633161  0.000000
  -15.454  -13.336  -11.716   -3.105   -1.295    7.957    8.239    9.783
            0.363333  0.639512  0.000000
  -15.432  -13.378  -11.689   -3.087   -1.309    7.938    8.247    9.746
            0.363333  0.645863  0.000000
  -15.410  -13.427  -11.652   -3.073   -1.320    7.917    8.259    9.706
            0.363333  0.652213  0.000000
  -15.390  -13.481  -11.607   -3.063   -1.328    7.893    8.275    9.663
            0.363333  0.658564  0.000000
  -15.370  -13.538  -11.555   -3.056   -1.333    7.867    8.294    9.617
            0.363333  0.664915  0.000000
  -15.352  -13.599  -11.497   -3.055   -1.335    7.838    8.315    9.569
            0.363333  0.671266  0.000000
  -15.335  -13.660  -11.434   -3.057   -1.333    7.806    8.340    9.520
            0.363333  0.677617  0.000000
  -15.319  -13.723  -11.367   -3.064   -1.328    7.770    8.368    9.471
            0.363333  0.683968  0.000000
  -15.306  -13.786  -11.295   -3.075   -1.320    7.729    8.398    9.423
            0.363333  0.690319  0.000000
  -15.294  -13.847  -11.220   -3.091   -1.307    7.683    8.431    9.375
            0.363333  0.696669  0.000000
  -15.286  -13.906  -11.143   -3.111   -1.292    7.632    8.466    9.331
            0.368333  0.572539  0.000000
  -15.743  -13.303  -11.404   -3.465   -1.039    8.123    8.321    9.864
            0.368333  0.578890  0.000000
  -15.716  -13.273  -11.475   -3.426   -1.063    8.108    8.299    9.868
            0.368333  0.585241  0.000000
  -15.689  -13.248  -11.538   -3.388   -1.087    8.093    8.280    9.864
            0.368333  0.591592  0.000000
  -15.663  -13.228  -11.594   -3.352   -1.110    8.079    8.264    9.855
            0.368333  0.597943  0.000000
  -15.638  -13.214  -11.641   -3.318   -1.133    8.064    8.250    9.840
            0.368333  0.604293  0.000000
  -15.614  -13.207  -11.678   -3.286   -1.154    8.049    8.240    9.822
            0.368333  0.610644  0.000000
  -15.590  -13.209  -11.703   -3.256   -1.174    8.034    8.234    9.799
            0.368333  0.616995  0.000000
  -15.566  -13.220  -11.716   -3.229   -1.193    8.018    8.230    9.774
            0.368333  0.623346  0.000000
  -15.544  -13.240  -11.717   -3.204   -1.211    8.001    8.231    9.744
            0.368333  0.629697  0.000000
  -15.521  -13.270  -11.707   -3.182   -1.227    7.983    8.234    9.712
            0.368333  0.636048  0.000000
  -15.500  -13.307  -11.685   -3.162   -1.241    7.964    8.241    9.676
            0.368333  0.642399  0.000000
  -15.479  -13.352  -11.653   -3.147   -1.253    7.943    8.251    9.637
            0.368333  0.648749  0.000000
  -15.458  -13.403  -11.612   -3.134   -1.263    7.920    8.265    9.596
            0.368333  0.655100  0.000000
  -15.438  -13.459  -11.564   -3.125   -1.271    7.894    8.282    9.553
            0.368333  0.661451  0.000000
  -15.419  -13.518  -11.509   -3.119   -1.276    7.865    8.303    9.508
            0.368333  0.667802  0.000000
  -15.401  -13.580  -11.448   -3.118   -1.278    7.833    8.326    9.462
            0.368333  0.674153  0.000000
  -15.384  -13.644  -11.382   -3.120   -1.277    7.796    8.352    9.416
            0.368333  0.680504  0.000000
  -15.369  -13.708  -11.312   -3.126   -1.273    7.755    8.382    9.371
            0.368333  0.686855  0.000000
  -15.355  -13.773  -11.238   -3.136   -1.267    7.708    8.414    9.328
            0.368333  0.693205  0.000000
  -15.343  -13.836  -11.161   -3.150   -1.257    7.657    8.448    9.287
            0.368333  0.699556  0.000000
  -15.333  -13.897  -11.082   -3.168   -1.244    7.599    8.485    9.249
            0.373333  0.575426  0.000000
  -15.774  -13.266  -11.404   -3.497   -1.008    8.120    8.310    9.808
            0.373333  0.581777  0.000000
  -15.749  -13.235  -11.473   -3.461   -1.029    8.106    8.289    9.801
            0.373333  0.588128  0.000000
  -15.725  -13.208  -11.535   -3.426   -1.050    8.092    8.271    9.789
            0.373333  0.594478  0.000000
  -15.701  -13.188  -11.588   -3.393   -1.070    8.078    8.256    9.773
            0.373333  0.600829  0.000000
  -15.678  -13.174  -11.632   -3.362   -1.089    8.063    8.244    9.753
            0.373333  0.607180  0.000000
  -15.655  -13.168  -11.665   -3.333   -1.108    8.049    8.235    9.730
            0.373333  0.613531  0.000000
  -15.633  -13.171  -11.686   -3.306   -1.126    8.033    8.230    9.703
            0.373333  0.619882  0.000000
  -15.611  -13.184  -11.695   -3.281   -1.143    8.017    8.228    9.673
            0.373333  0.626233  0.000000
  -15.589  -13.207  -11.691   -3.259   -1.158    8.000    8.230    9.641
            0.373333  0.632584  0.000000
  -15.568  -13.239  -11.676   -3.239   -1.173    7.982    8.235    9.605
            0.373333  0.638934  0.000000
  -15.548  -13.279  -11.649   -3.222   -1.186    7.962    8.244    9.567
            0.373333  0.645285  0.000000
  -15.527  -13.326  -11.613   -3.207   -1.197    7.939    8.256    9.527
            0.373333  0.651636  0.000000
  -15.508  -13.379  -11.569   -3.196   -1.206    7.914    8.271    9.484
            0.373333  0.657987  0.000000
  -15.488  -13.437  -11.516   -3.188   -1.213    7.886    8.290    9.441
            0.373333  0.664338  0.000000
  -15.470  -13.499  -11.458   -3.183   -1.218    7.854    8.312    9.397
            0.373333  0.670689  0.000000
  -15.452  -13.563  -11.394   -3.181   -1.221    7.817    8.337    9.353
            0.373333  0.677040  0.000000
  -15.435  -13.628  -11.326   -3.183   -1.221    7.776    8.365    9.311
            0.373333  0.683390  0.000000
  -15.419  -13.694  -11.254   -3.188   -1.219    7.730    8.396    9.270
            0.373333  0.689741  0.000000
  -15.405  -13.760  -11.178   -3.197   -1.214    7.678    8.429    9.232
            0.373333  0.696092  0.000000
  -15.392  -13.825  -11.100   -3.209   -1.206    7.619    8.465    9.198
            0.373333  0.702443  0.000000
  -15.381  -13.888  -11.019   -3.225   -1.196    7.555    8.504    9.168
            0.378333  0.578313  0.000000
  -15.809  -13.224  -11.403   -3.533   -0.971    8.108    8.298    9.740
            0.378333  0.584664  0.000000
  -15.786  -13.192  -11.470   -3.500   -0.990    8.095    8.278    9.726
            0.378333  0.591014  0.000000
  -15.764  -13.165  -11.529   -3.469   -1.008    8.081    8.261    9.708
            0.378333  0.597365  0.000000
  -15.742  -13.144  -11.579   -3.439   -1.025    8.068    8.247    9.687
            0.378333  0.603716  0.000000
  -15.720  -13.131  -11.620   -3.410   -1.042    8.054    8.237    9.663
            0.378333  0.610067  0.000000
  -15.699  -13.127  -11.648   -3.384   -1.059    8.040    8.229    9.635
            0.378333  0.616418  0.000000
  -15.678  -13.132  -11.665   -3.359   -1.075    8.025    8.226    9.605
            0.378333  0.622769  0.000000
  -15.658  -13.148  -11.669   -3.337   -1.090    8.009    8.225    9.572
            0.378333  0.629119  0.000000
  -15.637  -13.173  -11.661   -3.316   -1.104    7.992    8.229    9.536
            0.378333  0.635470  0.000000
  -15.617  -13.208  -11.641   -3.298   -1.117    7.972    8.236    9.497
            0.378333  0.641821  0.000000
  -15.597  -13.251  -11.610   -3.282   -1.128    7.951    8.246    9.457
            0.378333  0.648172  0.000000
  -15.578  -13.301  -11.569   -3.269   -1.139    7.927    8.259    9.414
            0.378333  0.654523  0.000000
  -15.558  -13.356  -11.521   -3.258   -1.148    7.900    8.276    9.371
            0.378333  0.660874  0.000000
  -15.540  -13.416  -11.465   -3.251   -1.155    7.869    8.297    9.328
            0.378333  0.667225  0.000000
  -15.521  -13.480  -11.404   -3.246   -1.161    7.833    8.320    9.285
            0.378333  0.673575  0.000000
  -15.503  -13.545  -11.338   -3.244   -1.164    7.793    8.347    9.244
            0.378333  0.679926  0.000000
  -15.486  -13.612  -11.267   -3.245   -1.165    7.747    8.377    9.205
            0.378333  0.686277  0.000000
  -15.470  -13.680  -11.193   -3.250   -1.165    7.695    8.410    9.169
            0.378333  0.692628  0.000000
  -15.455  -13.747  -11.115   -3.257   -1.162    7.637    8.445    9.137
            0.378333  0.698979  0.000000
  -15.442  -13.814  -11.036   -3.268   -1.156    7.572    8.482    9.109
            0.378333  0.705330  0.000000
  -15.430  -13.879  -10.953   -3.282   -1.148    7.501    8.522    9.086
            0.383333  0.581199  0.000000
  -15.848  -13.179  -11.399   -3.574   -0.930    8.088    8.284    9.666
            0.383333  0.587550  0.000000
  -15.827  -13.146  -11.464   -3.543   -0.946    8.075    8.265    9.647
            0.383333  0.593901  0.000000
  -15.806  -13.119  -11.521   -3.515   -0.962    8.062    8.250    9.625
            0.383333  0.600252  0.000000
  -15.786  -13.099  -11.568   -3.487   -0.977    8.050    8.237    9.600
            0.383333  0.606603  0.000000
  -15.766  -13.087  -11.604   -3.461   -0.992    8.037    8.228    9.571
            0.383333  0.612954  0.000000
  -15.746  -13.085  -11.629   -3.437   -1.007    8.023    8.223    9.540
            0.383333  0.619305  0.000000
  -15.726  -13.093  -11.641   -3.414   -1.021    8.008    8.221    9.505
            0.383333  0.625655  0.000000
  -15.707  -13.111  -11.640   -3.394   -1.034    7.992    8.222    9.469
            0.383333  0.632006  0.000000
  -15.687  -13.140  -11.626   -3.375   -1.047    7.975    8.227    9.429
            0.383333  0.638357  0.000000
  -15.668  -13.177  -11.602   -3.358   -1.059    7.955    8.235    9.388
            0.383333  0.644708  0.000000
  -15.648  -13.223  -11.566   -3.344   -1.070    7.933    8.247    9.345
            0.383333  0.651059  0.000000
  -15.629  -13.276  -11.522   -3.331   -1.080    7.907    8.263    9.301
            0.383333  0.657410  0.000000
  -15.610  -13.334  -11.470   -3.322   -1.089    7.878    8.281    9.257
            0.383333  0.663761  0.000000
  -15.592  -13.396  -11.411   -3.314   -1.097    7.844    8.304    9.214
            0.383333  0.670111  0.000000
  -15.574  -13.461  -11.347   -3.309   -1.103    7.805    8.329    9.173
            0.383333  0.676462  0.000000
  -15.556  -13.528  -11.278   -3.307   -1.107    7.760    8.357    9.134
            0.383333  0.682813  0.000000
  -15.539  -13.597  -11.205   -3.308   -1.110    7.709    8.389    9.099
            0.383333  0.689164  0.000000
  -15.522  -13.666  -11.129   -3.311   -1.111    7.651    8.423    9.068
            0.383333  0.695515  0.000000
  -15.507  -13.735  -11.050   -3.318   -1.109    7.587    8.459    9.042
            0.383333  0.701866  0.000000
  -15.493  -13.803  -10.969   -3.327   -1.106    7.516    8.499    9.020
            0.383333  0.708216  0.000000
  -15.480  -13.869  -10.886   -3.339   -1.101    7.439    8.540    9.004
