 &plot nbnd=   8, nks=   121 /
            0.000000  0.000000  0.000000
  -20.375   -8.761   -5.823   -5.277    0.052    1.334    2.137    2.562
            0.012500  0.007217  0.000000
  -20.373   -8.758   -5.827   -5.300    0.077    1.338    2.140    2.566
            0.025000  0.014434  0.000000
  -20.365   -8.750   -5.837   -5.368    0.149    1.350    2.151    2.577
            0.037500  0.021651  0.000000
  -20.352   -8.736   -5.857   -5.476    0.266    1.371    2.169    2.596
            0.050000  0.028868  0.000000
  -20.335   -8.716   -5.891   -5.611    0.419    1.401    2.193    2.622
            0.062500  0.036084  0.000000
  -20.312   -8.690   -5.962   -5.747    0.604    1.440    2.225    2.656
            0.075000  0.043301  0.000000
  -20.284   -8.659   -6.109   -5.836    0.810    1.492    2.264    2.698
            0.087500  0.050518  0.000000
  -20.252   -8.623   -6.317   -5.889    1.029    1.560    2.310    2.747
            0.100000  0.057735  0.000000
  -20.214   -8.581   -6.555   -5.933    1.244    1.656    2.362    2.805
            0.112500  0.064952  0.000000
  -20.172   -8.533   -6.810   -5.975    1.428    1.802    2.421    2.870
            0.125000  0.072169  0.000000
  -20.125   -8.480   -7.076   -6.018    1.566    2.010    2.487    2.945
            0.137500  0.079386  0.000000
  -20.073   -8.422   -7.350   -6.063    1.676    2.257    2.558    3.028
            0.150000  0.086603  0.000000
  -20.016   -8.359   -7.630   -6.110    1.777    2.522    2.636    3.124
            0.162500  0.093819  0.000000
  -19.954   -8.290   -7.913   -6.159    1.878    2.718    2.786    3.236
            0.175000  0.101036  0.000000
  -19.888   -8.217   -8.199   -6.208    1.982    2.804    3.034    3.376
            0.187500  0.108253  0.000000
  -19.818   -8.485   -8.138   -6.259    2.091    2.891    3.243    3.563
            0.200000  0.115470  0.000000
  -19.743   -8.771   -8.055   -6.311    2.206    2.973    3.410    3.798
            0.212500  0.122687  0.000000
  -19.663   -9.055   -7.968   -6.363    2.328    3.039    3.556    3.918
            0.225000  0.129904  0.000000
  -19.580   -9.338   -7.876   -6.415    2.456    3.062    3.698    3.797
            0.237500  0.137121  0.000000
  -19.493   -9.619   -7.781   -6.467    2.591    3.008    3.757    3.841
            0.250000  0.144338  0.000000
  -19.401   -9.896   -7.681   -6.519    2.732    2.873    3.800    3.989
            0.262500  0.151554  0.000000
  -19.307  -10.169   -7.578   -6.569    2.690    2.880    3.897    4.142
            0.275000  0.158771  0.000000
  -19.208  -10.438   -7.472   -6.619    2.483    3.036    4.023    4.302
            0.287500  0.165988  0.000000
  -19.107  -10.701   -7.363   -6.667    2.266    3.198    4.168    4.468
            0.300000  0.173205  0.000000
  -19.003  -10.960   -7.252   -6.714    2.045    3.367    4.326    4.641
            0.312500  0.180422  0.000000
  -18.897  -11.212   -7.140   -6.759    1.823    3.542    4.495    4.820
            0.325000  0.187639  0.000000
  -18.789  -11.457   -7.026   -6.802    1.603    3.725    4.674    5.005
            0.337500  0.194856  0.000000
  -18.680  -11.694   -6.912   -6.843    1.387    3.913    4.860    5.197
            0.350000  0.202073  0.000000
  -18.571  -11.923   -6.881   -6.798    1.177    4.109    5.055    5.393
            0.362500  0.209290  0.000000
  -18.461  -12.143   -6.917   -6.686    0.973    4.310    5.258    5.593
            0.375000  0.216506  0.000000
  -18.353  -12.352   -6.951   -6.575    0.779    4.518    5.469    5.788
            0.387500  0.223723  0.000000
  -18.247  -12.550   -6.981   -6.469    0.595    4.731    5.686    5.955
            0.400000  0.230940  0.000000
  -18.144  -12.734   -7.009   -6.367    0.423    4.950    5.911    6.049
            0.412500  0.238157  0.000000
  -18.047  -12.904   -7.033   -6.272    0.265    5.172    6.090    6.144
            0.425000  0.245374  0.000000
  -17.956  -13.058   -7.055   -6.185    0.123    5.396    6.114    6.383
            0.437500  0.252591  0.000000
  -17.875  -13.193   -7.073   -6.107   -0.002    5.618    6.137    6.629
            0.450000  0.259808  0.000000
  -17.804  -13.308   -7.088   -6.041   -0.107    5.824    6.173    6.882
            0.462500  0.267025  0.000000
  -17.746  -13.400   -7.100   -5.987   -0.191    5.975    6.260    7.141
            0.475000  0.274241  0.000000
  -17.703  -13.467   -7.109   -5.948   -0.252    6.039    6.423    7.407
            0.487500  0.281458  0.000000
  -17.676  -13.508   -7.114   -5.923   -0.289    6.061    6.596    7.349
            0.500000  0.288675  0.000000
  -17.667  -13.522   -7.115   -5.915   -0.302    6.066    6.681    7.271
            0.495833  0.297623  0.000000
  -17.666  -13.521   -7.121   -5.914   -0.301    6.072    6.681    7.273
            0.491665  0.306570  0.000000
  -17.663  -13.517   -7.139   -5.909   -0.301    6.092    6.684    7.280
            0.487497  0.315517  0.000000
  -17.658  -13.511   -7.168   -5.902   -0.300    6.124    6.689    7.291
            0.483330  0.324464  0.000000
  -17.650  -13.503   -7.209   -5.892   -0.298    6.167    6.697    7.307
            0.479162  0.333412  0.000000
  -17.640  -13.492   -7.261   -5.879   -0.296    6.220    6.709    7.326
            0.474995  0.342359  0.000000
  -17.629  -13.479   -7.324   -5.864   -0.294    6.280    6.726    7.350
            0.470828  0.351306  0.000000
  -17.615  -13.463   -7.397   -5.845   -0.292    6.343    6.754    7.377
            0.466660  0.360254  0.000000
  -17.598  -13.445   -7.480   -5.824   -0.289    6.403    6.796    7.408
            0.462492  0.369201  0.000000
  -17.580  -13.425   -7.572   -5.799   -0.287    6.453    6.859    7.443
            0.458325  0.378148  0.000000
  -17.559  -13.403   -7.673   -5.772   -0.284    6.490    6.944    7.481
            0.454157  0.387096  0.000000
  -17.537  -13.378   -7.783   -5.742   -0.282    6.513    7.050    7.522
            0.449990  0.396043  0.000000
  -17.512  -13.350   -7.899   -5.709   -0.280    6.527    7.172    7.566
            0.445823  0.404990  0.000000
  -17.485  -13.321   -8.023   -5.674   -0.279    6.532    7.307    7.613
            0.441655  0.413938  0.000000
  -17.456  -13.289   -8.154   -5.635   -0.278    6.531    7.448    7.661
            0.437487  0.422885  0.000000
  -17.425  -13.255   -8.290   -5.594   -0.278    6.524    7.591    7.711
            0.433320  0.431832  0.000000
  -17.391  -13.219   -8.432   -5.550   -0.279    6.511    7.726    7.769
            0.429152  0.440780  0.000000
  -17.356  -13.180   -8.578   -5.503   -0.281    6.492    7.802    7.876
            0.424985  0.449727  0.000000
  -17.318  -13.140   -8.729   -5.454   -0.284    6.467    7.852    7.994
            0.420818  0.458674  0.000000
  -17.278  -13.097   -8.884   -5.401   -0.290    6.435    7.898    8.007
            0.416650  0.467621  0.000000
  -17.236  -13.053   -9.042   -5.346   -0.297    6.397    7.941    8.013
            0.412482  0.476569  0.000000
  -17.192  -13.007   -9.202   -5.288   -0.306    6.352    7.983    8.015
            0.408315  0.485516  0.000000
  -17.146  -12.958   -9.365   -5.228   -0.318    6.300    8.014    8.024
            0.404147  0.494463  0.000000
  -17.098  -12.908   -9.530   -5.165   -0.333    6.242    8.008    8.065
            0.399980  0.503411  0.000000
  -17.048  -12.857   -9.696   -5.099   -0.350    6.177    7.998    8.108
            0.395813  0.512358  0.000000
  -16.995  -12.804   -9.863   -5.030   -0.371    6.107    7.983    8.154
            0.391645  0.521305  0.000000
  -16.941  -12.750  -10.030   -4.959   -0.395    6.032    7.965    8.204
            0.387477  0.530253  0.000000
  -16.884  -12.696  -10.197   -4.885   -0.423    5.952    7.942    8.257
            0.383310  0.539200  0.000000
  -16.826  -12.641  -10.363   -4.808   -0.456    5.868    7.918    8.314
            0.379142  0.548147  0.000000
  -16.765  -12.587  -10.528   -4.729   -0.492    5.780    7.891    8.375
            0.374975  0.557095  0.000000
  -16.702  -12.534  -10.688   -4.648   -0.533    5.689    7.864    8.441
            0.370808  0.566042  0.000000
  -16.638  -12.484  -10.844   -4.564   -0.579    5.596    7.837    8.511
            0.366640  0.574989  0.000000
  -16.571  -12.439  -10.993   -4.478   -0.629    5.500    7.811    8.585
            0.362472  0.583937  0.000000
  -16.502  -12.403  -11.131   -4.389   -0.684    5.403    7.788    8.662
            0.358305  0.592884  0.000000
  -16.432  -12.381  -11.252   -4.298   -0.744    5.304    7.768    8.743
            0.354137  0.601831  0.000000
  -16.360  -12.380  -11.350   -4.205   -0.809    5.204    7.753    8.828
            0.349970  0.610779  0.000000
  -16.286  -12.407  -11.417   -4.109   -0.879    5.102    7.741    8.915
            0.345803  0.619726  0.000000
  -16.210  -12.465  -11.449   -4.012   -0.954    5.001    7.735    9.005
            0.341635  0.628673  0.000000
  -16.132  -12.554  -11.449   -3.913   -1.033    4.898    7.735    9.095
            0.337467  0.637620  0.000000
  -16.054  -12.665  -11.422   -3.813   -1.116    4.796    7.741    9.187
            0.333300  0.646568  0.000000
  -15.973  -12.792  -11.376   -3.711   -1.203    4.693    7.752    9.276
            0.324968  0.630404  0.000000
  -16.022  -12.677  -11.440   -3.770   -1.149    4.647    7.763    9.435
            0.316635  0.614239  0.000000
  -16.086  -12.581  -11.453   -3.852   -1.076    4.591    7.786    9.317
            0.308302  0.598075  0.000000
  -16.167  -12.503  -11.413   -3.956   -0.982    4.527    7.813    8.982
            0.299970  0.581911  0.000000
  -16.265  -12.438  -11.326   -4.080   -0.869    4.457    7.837    8.621
            0.291637  0.565747  0.000000
  -16.379  -12.378  -11.200   -4.222   -0.739    4.382    7.842    8.254
            0.283305  0.549583  0.000000
  -16.508  -12.312  -11.047   -4.378   -0.593    4.305    7.809    7.886
            0.274973  0.533418  0.000000
  -16.650  -12.235  -10.874   -4.546   -0.432    4.225    7.523    7.717
            0.266640  0.517254  0.000000
  -16.802  -12.145  -10.688   -4.724   -0.258    4.145    7.166    7.559
            0.258308  0.501090  0.000000
  -16.963  -12.038  -10.492   -4.908   -0.072    4.065    6.816    7.344
            0.249975  0.484926  0.000000
  -17.130  -11.915  -10.288   -5.098    0.125    3.986    6.476    7.094
            0.241643  0.468762  0.000000
  -17.301  -11.778  -10.079   -5.292    0.331    3.907    6.145    6.823
            0.233310  0.452597  0.000000
  -17.475  -11.625   -9.866   -5.487    0.546    3.830    5.825    6.544
            0.224977  0.436433  0.000000
  -17.649  -11.459   -9.650   -5.682    0.768    3.753    5.515    6.263
            0.216645  0.420269  0.000000
  -17.823  -11.279   -9.433   -5.877    0.997    3.677    5.216    5.985
            0.208313  0.404105  0.000000
  -17.996  -11.088   -9.215   -6.070    1.232    3.602    4.928    5.713
            0.199980  0.387941  0.000000
  -18.166  -10.885   -8.998   -6.260    1.471    3.526    4.652    5.449
            0.191647  0.371776  0.000000
  -18.332  -10.671   -8.781   -6.446    1.715    3.449    4.389    5.193
            0.183315  0.355612  0.000000
  -18.495  -10.448   -8.567   -6.628    1.961    3.369    4.139    4.948
            0.174983  0.339448  0.000000
  -18.652  -10.214   -8.355   -6.805    2.209    3.284    3.903    4.713
            0.166650  0.323284  0.000000
  -18.805   -9.973   -8.147   -6.976    2.455    3.189    3.685    4.492
            0.158317  0.307120  0.000000
  -18.952   -9.723   -7.943   -7.141    2.698    3.081    3.486    4.286
            0.149985  0.290956  0.000000
  -19.092   -9.465   -7.745   -7.300    2.930    2.955    3.309    4.100
            0.141652  0.274791  0.000000
  -19.227   -9.201   -7.553   -7.452    2.811    3.135    3.152    3.952
            0.133320  0.258627  0.000000
  -19.354   -8.930   -7.597   -7.367    2.655    3.007    3.268    3.883
            0.124988  0.242463  0.000000
  -19.475   -8.655   -7.734   -7.189    2.494    2.862    3.269    3.884
            0.116655  0.226299  0.000000
  -19.589   -8.374   -7.863   -7.019    2.334    2.713    3.177    3.715
            0.108323  0.210135  0.000000
  -19.696   -8.091   -7.984   -6.858    2.177    2.553    3.055    3.558
            0.099990  0.193970  0.000000
  -19.795   -8.097   -7.806   -6.707    2.022    2.384    2.930    3.411
            0.091657  0.177806  0.000000
  -19.887   -8.202   -7.520   -6.565    1.864    2.211    2.808    3.277
            0.083325  0.161642  0.000000
  -19.971   -8.298   -7.236   -6.433    1.698    2.041    2.695    3.153
            0.074992  0.145478  0.000000
  -20.047   -8.385   -6.956   -6.312    1.513    1.888    2.590    3.041
            0.066660  0.129314  0.000000
  -20.116   -8.464   -6.684   -6.201    1.308    1.758    2.496    2.941
            0.058327  0.113149  0.000000
  -20.176   -8.533   -6.427   -6.096    1.089    1.651    2.413    2.852
            0.049995  0.096985  0.000000
  -20.229   -8.593   -6.199   -5.989    0.868    1.563    2.340    2.775
            0.041662  0.080821  0.000000
  -20.273   -8.644   -6.036   -5.848    0.654    1.491    2.278    2.710
            0.033330  0.064657  0.000000
  -20.310   -8.686   -5.946   -5.674    0.458    1.434    2.227    2.657
            0.024998  0.048493  0.000000
  -20.338   -8.719   -5.889   -5.512    0.290    1.390    2.188    2.615
            0.016665  0.032328  0.000000
  -20.359   -8.742   -5.852   -5.385    0.162    1.359    2.160    2.586
            0.008332  0.016164  0.000000
  -20.371   -8.757   -5.831   -5.304    0.080    1.340    2.143    2.568
            0.000000  0.000000  0.000000
  -20.375   -8.761   -5.823   -5.277    0.052    1.334    2.137    2.562
