 &plot nbnd=   8, nks=   121 /
            0.000000  0.000000  0.000000
  -21.038   -9.198   -5.167   -4.796    1.462    2.335    2.730    4.642
            0.012500  0.007217  0.000000
  -21.034   -9.194   -5.183   -4.804    1.467    2.340    2.735    4.647
            0.025000  0.014434  0.000000
  -21.024   -9.182   -5.229   -4.826    1.481    2.354    2.749    4.661
            0.037500  0.021651  0.000000
  -21.007   -9.162   -5.307   -4.861    1.504    2.377    2.773    4.684
            0.050000  0.028868  0.000000
  -20.983   -9.133   -5.414   -4.910    1.536    2.410    2.806    4.716
            0.062500  0.036084  0.000000
  -20.952   -9.097   -5.549   -4.970    1.578    2.452    2.848    4.758
            0.075000  0.043301  0.000000
  -20.914   -9.053   -5.710   -5.040    1.629    2.504    2.900    4.809
            0.087500  0.050518  0.000000
  -20.870   -9.000   -5.896   -5.120    1.690    2.565    2.962    4.870
            0.100000  0.057735  0.000000
  -20.819   -8.939   -6.103   -5.208    1.760    2.635    3.033    4.939
            0.112500  0.064952  0.000000
  -20.760   -8.871   -6.329   -5.304    1.839    2.715    3.113    5.018
            0.125000  0.072169  0.000000
  -20.696   -8.795   -6.572   -5.405    1.927    2.804    3.203    5.105
            0.137500  0.079386  0.000000
  -20.624   -8.710   -6.830   -5.512    2.025    2.902    3.303    5.202
            0.150000  0.086603  0.000000
  -20.545   -8.618   -7.100   -5.622    2.132    3.010    3.412    5.307
            0.162500  0.093819  0.000000
  -20.460   -8.518   -7.381   -5.735    2.249    3.126    3.530    5.421
            0.175000  0.101036  0.000000
  -20.368   -8.411   -7.672   -5.851    2.374    3.252    3.658    5.541
            0.187500  0.108253  0.000000
  -20.270   -8.296   -7.969   -5.967    2.510    3.386    3.795    5.665
            0.200000  0.115470  0.000000
  -20.165   -8.273   -8.174   -6.084    2.654    3.529    3.942    5.771
            0.212500  0.122687  0.000000
  -20.053   -8.582   -8.044   -6.200    2.807    3.681    4.098    5.724
            0.225000  0.129904  0.000000
  -19.935   -8.895   -7.908   -6.315    2.970    3.839    4.264    5.474
            0.237500  0.137121  0.000000
  -19.810   -9.210   -7.764   -6.428    3.142    4.002    4.439    5.184
            0.250000  0.144338  0.000000
  -19.679   -9.527   -7.614   -6.539    3.323    4.158    4.624    4.896
            0.262500  0.151554  0.000000
  -19.541   -9.845   -7.457   -6.647    3.514    4.247    4.677    4.818
            0.275000  0.158771  0.000000
  -19.398  -10.163   -7.294   -6.752    3.713    4.099    4.702    5.021
            0.287500  0.165988  0.000000
  -19.248  -10.481   -7.125   -6.853    3.813    3.922    4.871    5.233
            0.300000  0.173205  0.000000
  -19.092  -10.797   -6.950   -6.950    3.500    4.139    5.076    5.454
            0.312500  0.180422  0.000000
  -18.930  -11.112   -7.042   -6.770    3.179    4.366    5.298    5.682
            0.325000  0.187639  0.000000
  -18.762  -11.424   -7.129   -6.586    2.858    4.601    5.531    5.914
            0.337500  0.194856  0.000000
  -18.589  -11.733   -7.212   -6.398    2.538    4.845    5.776    6.101
            0.350000  0.202073  0.000000
  -18.410  -12.039   -7.289   -6.207    2.222    5.096    6.030    6.126
            0.362500  0.209290  0.000000
  -18.226  -12.341   -7.361   -6.014    1.912    5.355    6.111    6.294
            0.375000  0.216506  0.000000
  -18.038  -12.638   -7.427   -5.820    1.609    5.615    6.097    6.567
            0.387500  0.223723  0.000000
  -17.845  -12.929   -7.487   -5.627    1.317    5.853    6.115    6.849
            0.400000  0.230940  0.000000
  -17.650  -13.214   -7.541   -5.436    1.036    5.964    6.270    7.140
            0.412500  0.238157  0.000000
  -17.452  -13.490   -7.589   -5.252    0.771    5.972    6.539    7.440
            0.425000  0.245374  0.000000
  -17.253  -13.757   -7.631   -5.075    0.524    5.962    6.837    7.748
            0.437500  0.252591  0.000000
  -17.057  -14.012   -7.667   -4.912    0.300    5.950    7.147    8.065
            0.450000  0.259808  0.000000
  -16.867  -14.250   -7.696   -4.766    0.105    5.938    7.467    8.390
            0.462500  0.267025  0.000000
  -16.691  -14.463   -7.719   -4.643   -0.057    5.929    7.795    8.722
            0.475000  0.274241  0.000000
  -16.541  -14.640   -7.735   -4.549   -0.178    5.922    8.130    9.062
            0.487500  0.281458  0.000000
  -16.436  -14.761   -7.745   -4.490   -0.254    5.918    8.468    9.205
            0.500000  0.288675  0.000000
  -16.397  -14.805   -7.748   -4.470   -0.279    5.916    8.733    8.934
            0.495833  0.296277  0.000000
  -16.396  -14.804   -7.754   -4.469   -0.280    5.924    8.735    8.936
            0.491667  0.303879  0.000000
  -16.393  -14.801   -7.771   -4.464   -0.280    5.947    8.739    8.941
            0.487500  0.311480  0.000000
  -16.387  -14.796   -7.800   -4.457   -0.281    5.985    8.745    8.950
            0.483333  0.319082  0.000000
  -16.380  -14.788   -7.840   -4.446   -0.282    6.038    8.754    8.962
            0.479167  0.326684  0.000000
  -16.370  -14.778   -7.890   -4.433   -0.284    6.105    8.765    8.977
            0.475000  0.334286  0.000000
  -16.358  -14.767   -7.951   -4.416   -0.286    6.187    8.780    8.996
            0.470833  0.341888  0.000000
  -16.344  -14.753   -8.023   -4.397   -0.289    6.282    8.796    9.018
            0.466667  0.349489  0.000000
  -16.328  -14.737   -8.103   -4.375   -0.292    6.391    8.815    9.043
            0.462500  0.357091  0.000000
  -16.310  -14.719   -8.193   -4.349   -0.297    6.512    8.837    9.072
            0.458333  0.364693  0.000000
  -16.290  -14.699   -8.291   -4.321   -0.302    6.645    8.861    9.104
            0.454167  0.372295  0.000000
  -16.267  -14.677   -8.398   -4.290   -0.308    6.789    8.888    9.139
            0.450000  0.379896  0.000000
  -16.242  -14.653   -8.511   -4.256   -0.315    6.944    8.918    9.177
            0.445833  0.387498  0.000000
  -16.215  -14.627   -8.632   -4.218   -0.323    7.109    8.949    9.218
            0.441667  0.395100  0.000000
  -16.186  -14.599   -8.759   -4.178   -0.333    7.283    8.984    9.263
            0.437500  0.402702  0.000000
  -16.155  -14.569   -8.891   -4.135   -0.345    7.466    9.020    9.310
            0.433333  0.410303  0.000000
  -16.122  -14.538   -9.029   -4.089   -0.358    7.656    9.060    9.361
            0.429167  0.417905  0.000000
  -16.087  -14.504   -9.171   -4.040   -0.373    7.853    9.101    9.414
            0.425000  0.425507  0.000000
  -16.049  -14.469   -9.317   -3.988   -0.390    8.056    9.145    9.471
            0.420833  0.433109  0.000000
  -16.010  -14.433   -9.466   -3.934   -0.410    8.264    9.191    9.531
            0.416666  0.440711  0.000000
  -15.968  -14.395   -9.619   -3.876   -0.432    8.475    9.240    9.541
            0.412500  0.448312  0.000000
  -15.924  -14.355   -9.773   -3.815   -0.457    8.688    9.292    9.494
            0.408333  0.455914  0.000000
  -15.878  -14.315   -9.930   -3.752   -0.486    8.901    9.348    9.441
            0.404166  0.463516  0.000000
  -15.830  -14.273  -10.088   -3.686   -0.517    9.106    9.384    9.412
            0.400000  0.471118  0.000000
  -15.780  -14.230  -10.247   -3.616   -0.552    9.288    9.324    9.499
            0.395833  0.478719  0.000000
  -15.727  -14.187  -10.406   -3.544   -0.590    9.261    9.415    9.634
            0.391666  0.486321  0.000000
  -15.673  -14.144  -10.564   -3.469   -0.633    9.197    9.496    9.798
            0.387500  0.493923  0.000000
  -15.616  -14.101  -10.722   -3.392   -0.679    9.133    9.559    9.947
            0.383333  0.501525  0.000000
  -15.558  -14.058  -10.878   -3.311   -0.730    9.069    9.617   10.065
            0.379166  0.509126  0.000000
  -15.497  -14.017  -11.031   -3.228   -0.784    9.008    9.671   10.163
            0.375000  0.516728  0.000000
  -15.434  -13.978  -11.181   -3.142   -0.844    8.949    9.722   10.252
            0.370833  0.524330  0.000000
  -15.370  -13.942  -11.325   -3.053   -0.908    8.893    9.771   10.335
            0.366666  0.531932  0.000000
  -15.303  -13.910  -11.464   -2.961   -0.976    8.842    9.815   10.416
            0.362500  0.539533  0.000000
  -15.234  -13.884  -11.594   -2.867   -1.049    8.796    9.856   10.494
            0.358333  0.547135  0.000000
  -15.164  -13.865  -11.715   -2.770   -1.127    8.755    9.892   10.569
            0.354166  0.554737  0.000000
  -15.091  -13.856  -11.824   -2.671   -1.209    8.720    9.922   10.640
            0.350000  0.562339  0.000000
  -15.017  -13.858  -11.918   -2.570   -1.296    8.690    9.947   10.707
            0.345833  0.569941  0.000000
  -14.942  -13.874  -11.995   -2.466   -1.386    8.667    9.965   10.767
            0.341666  0.577542  0.000000
  -14.865  -13.906  -12.053   -2.360   -1.480    8.650    9.975   10.820
            0.337500  0.585144  0.000000
  -14.788  -13.953  -12.092   -2.254   -1.576    8.639    9.979   10.863
            0.333333  0.592746  0.000000
  -14.711  -14.013  -12.111   -2.151   -1.672    8.634    9.975   10.893
            0.325000  0.577927  0.000000
  -14.763  -13.983  -12.080   -2.245   -1.581    8.645    9.943   10.738
            0.316666  0.563109  0.000000
  -14.905  -13.891  -12.001   -2.440   -1.390    8.671    9.872   10.473
            0.308333  0.548290  0.000000
  -15.106  -13.756  -11.885   -2.672   -1.164    8.706    9.743   10.172
            0.300000  0.533471  0.000000
  -15.340  -13.595  -11.743   -2.920   -0.920    8.739    9.508    9.920
            0.291666  0.518653  0.000000
  -15.593  -13.417  -11.579   -3.180   -0.662    8.754    9.169    9.742
            0.283333  0.503834  0.000000
  -15.854  -13.225  -11.399   -3.446   -0.394    8.728    8.787    9.588
            0.275000  0.489015  0.000000
  -16.119  -13.023  -11.205   -3.716   -0.116    8.394    8.635    9.433
            0.266666  0.474197  0.000000
  -16.384  -12.812  -11.000   -3.989    0.172    8.001    8.461    9.264
            0.258333  0.459378  0.000000
  -16.648  -12.591  -10.787   -4.262    0.468    7.614    8.218    9.002
            0.250000  0.444559  0.000000
  -16.908  -12.362  -10.565   -4.535    0.772    7.235    7.930    8.628
            0.241666  0.429741  0.000000
  -17.163  -12.126  -10.336   -4.806    1.084    6.865    7.618    8.248
            0.233333  0.414922  0.000000
  -17.413  -11.881  -10.101   -5.073    1.403    6.505    7.297    7.877
            0.225000  0.400103  0.000000
  -17.657  -11.630   -9.860   -5.337    1.728    6.156    6.975    7.518
            0.216666  0.385285  0.000000
  -17.894  -11.372   -9.616   -5.595    2.059    5.819    6.655    7.172
            0.208333  0.370466  0.000000
  -18.124  -11.107   -9.368   -5.848    2.396    5.493    6.343    6.837
            0.200000  0.355647  0.000000
  -18.346  -10.837   -9.117   -6.095    2.736    5.179    6.039    6.516
            0.191666  0.340829  0.000000
  -18.560  -10.560   -8.864   -6.335    3.081    4.878    5.744    6.208
            0.183333  0.326010  0.000000
  -18.767  -10.278   -8.610   -6.567    3.428    4.589    5.461    5.912
            0.175000  0.311192  0.000000
  -18.965   -9.991   -8.356   -6.791    3.776    4.312    5.189    5.630
            0.166666  0.296373  0.000000
  -19.155   -9.700   -8.103   -7.007    4.048    4.123    4.930    5.360
            0.158333  0.281554  0.000000
  -19.336   -9.405   -7.851   -7.214    3.797    4.456    4.698    5.104
            0.150000  0.266736  0.000000
  -19.508   -9.107   -7.602   -7.411    3.558    4.423    4.842    4.861
            0.141667  0.251917  0.000000
  -19.672   -8.807   -7.600   -7.356    3.332    4.205    4.631    5.179
            0.133333  0.237098  0.000000
  -19.826   -8.505   -7.779   -7.115    3.119    3.994    4.414    5.517
            0.125000  0.222280  0.000000
  -19.972   -8.204   -7.948   -6.880    2.918    3.795    4.210    5.838
            0.116667  0.207461  0.000000
  -20.108   -8.106   -7.903   -6.651    2.731    3.608    4.019    5.887
            0.108333  0.192642  0.000000
  -20.236   -8.255   -7.606   -6.431    2.556    3.433    3.841    5.725
            0.100000  0.177824  0.000000
  -20.354   -8.393   -7.312   -6.220    2.394    3.271    3.677    5.567
            0.091667  0.163005  0.000000
  -20.463   -8.521   -7.026   -6.020    2.245    3.122    3.526    5.420
            0.083333  0.148186  0.000000
  -20.562   -8.637   -6.748   -5.831    2.109    2.986    3.387    5.286
            0.075000  0.133368  0.000000
  -20.652   -8.743   -6.482   -5.655    1.986    2.862    3.263    5.164
            0.066667  0.118549  0.000000
  -20.733   -8.838   -6.230   -5.492    1.876    2.752    3.151    5.055
            0.058333  0.103731  0.000000
  -20.804   -8.923   -5.997   -5.343    1.779    2.654    3.052    4.958
            0.050000  0.088912  0.000000
  -20.866   -8.996   -5.786   -5.210    1.695    2.570    2.967    4.874
            0.041667  0.074093  0.000000
  -20.919   -9.057   -5.601   -5.093    1.624    2.498    2.894    4.803
            0.033333  0.059275  0.000000
  -20.962   -9.108   -5.446   -4.992    1.566    2.439    2.835    4.745
            0.025000  0.044456  0.000000
  -20.995   -9.148   -5.324   -4.910    1.520    2.394    2.789    4.700
            0.016667  0.029637  0.000000
  -21.019   -9.176   -5.237   -4.848    1.488    2.361    2.756    4.668
            0.008333  0.014819  0.000000
  -21.033   -9.193   -5.184   -4.809    1.468    2.342    2.737    4.648
            0.000000  0.000000  0.000000
  -21.038   -9.198   -5.167   -4.796    1.462    2.335    2.730    4.642
