 &plot nbnd=   8, nks=   121 /
            0.000000  0.000000  0.000000
  -21.156   -9.279   -4.974   -4.759    1.486    2.364    2.756    4.668
            0.012500  0.007217  0.000000
  -21.152   -9.274   -4.989   -4.767    1.490    2.369    2.761    4.673
            0.025000  0.014434  0.000000
  -21.141   -9.262   -5.035   -4.791    1.505    2.383    2.776    4.688
            0.037500  0.021651  0.000000
  -21.124   -9.240   -5.111   -4.830    1.529    2.408    2.801    4.712
            0.050000  0.028868  0.000000
  -21.099   -9.211   -5.216   -4.882    1.563    2.442    2.835    4.746
            0.062500  0.036084  0.000000
  -21.067   -9.173   -5.349   -4.947    1.607    2.486    2.879    4.790
            0.075000  0.043301  0.000000
  -21.027   -9.126   -5.509   -5.024    1.660    2.540    2.934    4.843
            0.087500  0.050518  0.000000
  -20.981   -9.071   -5.692   -5.111    1.723    2.603    2.998    4.906
            0.100000  0.057735  0.000000
  -20.928   -9.008   -5.898   -5.207    1.796    2.676    3.071    4.978
            0.112500  0.064952  0.000000
  -20.867   -8.936   -6.123   -5.311    1.878    2.759    3.155    5.060
            0.125000  0.072169  0.000000
  -20.800   -8.856   -6.365   -5.421    1.970    2.852    3.249    5.152
            0.137500  0.079386  0.000000
  -20.725   -8.768   -6.623   -5.537    2.072    2.954    3.352    5.253
            0.150000  0.086603  0.000000
  -20.644   -8.671   -6.894   -5.656    2.183    3.066    3.466    5.364
            0.162500  0.093819  0.000000
  -20.555   -8.567   -7.176   -5.779    2.304    3.188    3.589    5.483
            0.175000  0.101036  0.000000
  -20.460   -8.454   -7.469   -5.904    2.435    3.319    3.722    5.611
            0.187500  0.108253  0.000000
  -20.357   -8.334   -7.769   -6.030    2.576    3.459    3.865    5.746
            0.200000  0.115470  0.000000
  -20.248   -8.206   -8.077   -6.156    2.726    3.609    4.017    5.884
            0.212500  0.122687  0.000000
  -20.132   -8.390   -8.070   -6.282    2.886    3.768    4.180    5.985
            0.225000  0.129904  0.000000
  -20.008   -8.707   -7.927   -6.406    3.055    3.935    4.352    5.841
            0.237500  0.137121  0.000000
  -19.879   -9.028   -7.776   -6.528    3.234    4.108    4.534    5.548
            0.250000  0.144338  0.000000
  -19.742   -9.351   -7.618   -6.647    3.422    4.284    4.726    5.240
            0.262500  0.151554  0.000000
  -19.599   -9.675   -7.453   -6.763    3.620    4.438    4.927    4.955
            0.275000  0.158771  0.000000
  -19.449  -10.001   -7.282   -6.875    3.828    4.414    4.852    5.138
            0.287500  0.165988  0.000000
  -19.292  -10.326   -7.104   -6.983    4.044    4.146    5.000    5.359
            0.300000  0.173205  0.000000
  -19.130  -10.651   -7.087   -6.920    3.824    4.271    5.210    5.588
            0.312500  0.180422  0.000000
  -18.960  -10.974   -7.186   -6.731    3.492    4.506    5.440    5.823
            0.325000  0.187639  0.000000
  -18.785  -11.295   -7.280   -6.537    3.158    4.750    5.683    6.043
            0.337500  0.194856  0.000000
  -18.603  -11.614   -7.368   -6.338    2.825    5.003    5.937    6.112
            0.350000  0.202073  0.000000
  -18.416  -11.930   -7.450   -6.136    2.495    5.263    6.094    6.202
            0.362500  0.209290  0.000000
  -18.223  -12.243   -7.527   -5.932    2.171    5.527    6.073    6.476
            0.375000  0.216506  0.000000
  -18.025  -12.551   -7.598   -5.726    1.854    5.779    6.074    6.760
            0.387500  0.223723  0.000000
  -17.821  -12.855   -7.662   -5.521    1.546    5.921    6.195    7.053
            0.400000  0.230940  0.000000
  -17.614  -13.153   -7.720   -5.318    1.251    5.932    6.458    7.355
            0.412500  0.238157  0.000000
  -17.402  -13.444   -7.771   -5.120    0.971    5.918    6.757    7.667
            0.425000  0.245374  0.000000
  -17.189  -13.727   -7.816   -4.930    0.709    5.901    7.072    7.987
            0.437500  0.252591  0.000000
  -16.976  -14.000   -7.854   -4.754    0.471    5.885    7.397    8.315
            0.450000  0.259808  0.000000
  -16.766  -14.258   -7.885   -4.595    0.262    5.872    7.731    8.652
            0.462500  0.267025  0.000000
  -16.565  -14.496   -7.909   -4.461    0.088    5.861    8.074    8.997
            0.475000  0.274241  0.000000
  -16.388  -14.701   -7.927   -4.358   -0.044    5.853    8.424    9.349
            0.487500  0.281458  0.000000
  -16.257  -14.848   -7.937   -4.293   -0.126    5.848    8.778    9.537
            0.500000  0.288675  0.000000
  -16.207  -14.904   -7.941   -4.271   -0.154    5.846    9.069    9.241
            0.495833  0.296083  0.000000
  -16.206  -14.903   -7.946   -4.269   -0.154    5.854    9.070    9.243
            0.491665  0.303491  0.000000
  -16.203  -14.899   -7.963   -4.265   -0.155    5.876    9.074    9.247
            0.487497  0.310899  0.000000
  -16.197  -14.894   -7.992   -4.257   -0.156    5.914    9.081    9.255
            0.483330  0.318307  0.000000
  -16.190  -14.887   -8.031   -4.247   -0.158    5.967    9.091    9.267
            0.479162  0.325715  0.000000
  -16.180  -14.877   -8.081   -4.233   -0.160    6.034    9.104    9.281
            0.474995  0.333122  0.000000
  -16.168  -14.866   -8.141   -4.217   -0.164    6.115    9.119    9.299
            0.470828  0.340530  0.000000
  -16.154  -14.852   -8.211   -4.197   -0.167    6.210    9.137    9.319
            0.466660  0.347938  0.000000
  -16.138  -14.836   -8.290   -4.175   -0.172    6.318    9.158    9.343
            0.462492  0.355346  0.000000
  -16.120  -14.818   -8.379   -4.149   -0.178    6.438    9.182    9.370
            0.458325  0.362754  0.000000
  -16.100  -14.799   -8.476   -4.121   -0.184    6.571    9.208    9.401
            0.454157  0.370162  0.000000
  -16.078  -14.777   -8.581   -4.089   -0.192    6.715    9.237    9.434
            0.449990  0.377570  0.000000
  -16.053  -14.753   -8.693   -4.055   -0.201    6.870    9.269    9.470
            0.445823  0.384977  0.000000
  -16.026  -14.727   -8.812   -4.017   -0.212    7.034    9.303    9.510
            0.441655  0.392385  0.000000
  -15.998  -14.700   -8.937   -3.977   -0.224    7.208    9.340    9.552
            0.437487  0.399793  0.000000
  -15.967  -14.670   -9.068   -3.934   -0.238    7.391    9.379    9.598
            0.433320  0.407201  0.000000
  -15.934  -14.639   -9.204   -3.887   -0.254    7.582    9.421    9.646
            0.429152  0.414609  0.000000
  -15.898  -14.606   -9.344   -3.838   -0.272    7.779    9.466    9.697
            0.424985  0.422017  0.000000
  -15.861  -14.572   -9.489   -3.786   -0.293    7.983    9.512    9.752
            0.420818  0.429425  0.000000
  -15.822  -14.536   -9.636   -3.731   -0.316    8.193    9.561    9.793
            0.416650  0.436833  0.000000
  -15.780  -14.498   -9.787   -3.672   -0.341    8.407    9.612    9.742
            0.412482  0.444240  0.000000
  -15.737  -14.459   -9.940   -3.611   -0.370    8.625    9.666    9.686
            0.408315  0.451648  0.000000
  -15.691  -14.419  -10.095   -3.548   -0.402    8.846    9.624    9.721
            0.404147  0.459056  0.000000
  -15.643  -14.378  -10.251   -3.481   -0.438    9.068    9.560    9.778
            0.399980  0.466464  0.000000
  -15.593  -14.337  -10.408   -3.411   -0.477    9.289    9.492    9.838
            0.395813  0.473872  0.000000
  -15.541  -14.295  -10.564   -3.338   -0.520    9.423    9.508    9.900
            0.391645  0.481280  0.000000
  -15.487  -14.253  -10.721   -3.263   -0.567    9.354    9.718    9.967
            0.387477  0.488688  0.000000
  -15.430  -14.211  -10.876   -3.184   -0.618    9.286    9.906   10.047
            0.383310  0.496095  0.000000
  -15.372  -14.170  -11.030   -3.103   -0.673    9.219   10.034   10.171
            0.379142  0.503503  0.000000
  -15.311  -14.130  -11.180   -3.019   -0.733    9.155   10.113   10.315
            0.374975  0.510911  0.000000
  -15.249  -14.093  -11.327   -2.932   -0.798    9.094   10.180   10.441
            0.370808  0.518319  0.000000
  -15.184  -14.059  -11.468   -2.842   -0.867    9.037   10.243   10.545
            0.366640  0.525727  0.000000
  -15.118  -14.030  -11.604   -2.750   -0.941    8.985   10.303   10.637
            0.362472  0.533135  0.000000
  -15.049  -14.007  -11.730   -2.655   -1.019    8.939   10.360   10.721
            0.358305  0.540543  0.000000
  -14.978  -13.992  -11.847   -2.557   -1.102    8.898   10.415   10.799
            0.354137  0.547951  0.000000
  -14.906  -13.988  -11.951   -2.456   -1.190    8.863   10.465   10.872
            0.349970  0.555358  0.000000
  -14.831  -13.995  -12.040   -2.353   -1.282    8.834   10.511   10.939
            0.345803  0.562766  0.000000
  -14.755  -14.017  -12.111   -2.247   -1.379    8.812   10.553   10.998
            0.341635  0.570174  0.000000
  -14.678  -14.053  -12.165   -2.139   -1.479    8.796   10.588   11.047
            0.337467  0.577582  0.000000
  -14.600  -14.106  -12.199   -2.030   -1.582    8.785   10.617   11.082
            0.333300  0.584990  0.000000
  -14.523  -14.170  -12.213   -1.923   -1.685    8.781   10.640   11.097
            0.324968  0.570365  0.000000
  -14.608  -14.106  -12.183   -2.068   -1.542    8.791   10.616   10.982
            0.316635  0.555740  0.000000
  -14.801  -13.964  -12.102   -2.301   -1.313    8.818   10.461   10.843
            0.308302  0.541116  0.000000
  -15.040  -13.794  -11.984   -2.553   -1.065    8.855   10.156   10.753
            0.299970  0.526491  0.000000
  -15.300  -13.609  -11.838   -2.817   -0.805    8.890    9.780   10.669
            0.291637  0.511866  0.000000
  -15.571  -13.413  -11.671   -3.088   -0.535    8.908    9.379   10.566
            0.283305  0.497241  0.000000
  -15.847  -13.208  -11.488   -3.365   -0.255    8.884    8.970   10.398
            0.274973  0.482617  0.000000
  -16.124  -12.995  -11.292   -3.645    0.035    8.561    8.791   10.018
            0.266640  0.467992  0.000000
  -16.399  -12.773  -11.085   -3.927    0.334    8.157    8.615    9.596
            0.258308  0.453367  0.000000
  -16.672  -12.544  -10.868   -4.210    0.641    7.760    8.367    9.181
            0.249975  0.438742  0.000000
  -16.940  -12.307  -10.643   -4.491    0.956    7.371    8.073    8.777
            0.241643  0.424118  0.000000
  -17.202  -12.062  -10.411   -4.770    1.279    6.993    7.754    8.385
            0.233310  0.409493  0.000000
  -17.458  -11.811  -10.173   -5.046    1.609    6.626    7.426    8.005
            0.224977  0.394868  0.000000
  -17.708  -11.553   -9.929   -5.317    1.946    6.270    7.096    7.638
            0.216645  0.380243  0.000000
  -17.950  -11.288   -9.681   -5.583    2.289    5.926    6.770    7.284
            0.208313  0.365619  0.000000
  -18.185  -11.017   -9.429   -5.843    2.637    5.594    6.451    6.943
            0.199980  0.350994  0.000000
  -18.412  -10.740   -9.175   -6.096    2.990    5.274    6.140    6.616
            0.191647  0.336369  0.000000
  -18.631  -10.457   -8.918   -6.342    3.346    4.967    5.839    6.301
            0.183315  0.321744  0.000000
  -18.842  -10.169   -8.659   -6.581    3.706    4.672    5.549    6.000
            0.174983  0.307120  0.000000
  -19.044   -9.876   -8.401   -6.811    4.067    4.390    5.271    5.712
            0.166650  0.292495  0.000000
  -19.238   -9.579   -8.142   -7.032    4.121    4.429    5.006    5.437
            0.158317  0.277870  0.000000
  -19.422   -9.279   -7.886   -7.244    3.865    4.727    4.815    5.176
            0.149985  0.263245  0.000000
  -19.598   -8.975   -7.631   -7.447    3.622    4.504    4.928    5.158
            0.141652  0.248621  0.000000
  -19.765   -8.670   -7.641   -7.380    3.391    4.275    4.694    5.515
            0.133320  0.233996  0.000000
  -19.922   -8.363   -7.824   -7.134    3.174    4.058    4.472    5.867
            0.124988  0.219371  0.000000
  -20.070   -8.056   -7.997   -6.894    2.970    3.854    4.265    6.129
            0.116655  0.204746  0.000000
  -20.209   -8.160   -7.751   -6.660    2.779    3.663    4.070    5.953
            0.108323  0.190122  0.000000
  -20.339   -8.312   -7.448   -6.435    2.601    3.484    3.889    5.778
            0.099990  0.175497  0.000000
  -20.459   -8.454   -7.150   -6.219    2.436    3.319    3.721    5.614
            0.091657  0.160872  0.000000
  -20.570   -8.584   -6.858   -6.014    2.284    3.167    3.567    5.464
            0.083325  0.146247  0.000000
  -20.672   -8.704   -6.576   -5.821    2.145    3.028    3.426    5.326
            0.074992  0.131623  0.000000
  -20.763   -8.813   -6.305   -5.640    2.020    2.902    3.299    5.202
            0.066660  0.116998  0.000000
  -20.846   -8.910   -6.049   -5.474    1.908    2.789    3.185    5.090
            0.058327  0.102373  0.000000
  -20.918   -8.996   -5.811   -5.323    1.809    2.689    3.085    4.991
            0.049995  0.087748  0.000000
  -20.981   -9.071   -5.596   -5.188    1.723    2.603    2.997    4.906
            0.041662  0.073124  0.000000
  -21.034   -9.134   -5.407   -5.069    1.651    2.530    2.924    4.833
            0.033330  0.058499  0.000000
  -21.078   -9.186   -5.250   -4.966    1.591    2.470    2.863    4.774
            0.024998  0.043874  0.000000
  -21.112   -9.227   -5.128   -4.881    1.545    2.424    2.817    4.728
            0.016665  0.029249  0.000000
  -21.136   -9.256   -5.041   -4.815    1.512    2.390    2.783    4.695
            0.008332  0.014625  0.000000
  -21.151   -9.273   -4.991   -4.773    1.492    2.371    2.763    4.675
            0.000000  0.000000  0.000000
  -21.156   -9.279   -4.974   -4.759    1.486    2.364    2.756    4.668
